           385	2024-05-02 04:33:44	1	0	1	0
            58	2024-05-02 06:35:07	1	0	1	0
           627	2024-05-02 06:44:13	1	0	1	0
           180	2024-05-02 06:51:47	1	0	1	0
           473	2024-05-02 07:24:32	1	0	1	0
            48	2024-05-02 07:27:04	1	0	1	0
           602	2024-05-02 07:39:29	1	0	1	0
           187	2024-05-02 07:45:31	1	0	1	0
           551	2024-05-02 07:47:01	1	0	15	0
           118	2024-05-02 07:47:07	1	0	1	0
           369	2024-05-02 07:49:21	1	0	1	0
           472	2024-05-02 07:50:18	1	0	1	0
           471	2024-05-02 07:50:25	1	0	1	0
           241	2024-05-02 07:52:46	1	0	1	0
           142	2024-05-02 07:53:17	1	0	1	0
           379	2024-05-02 07:53:53	1	0	1	0
           185	2024-05-02 07:55:52	1	0	1	0
            91	2024-05-02 07:56:11	1	0	1	0
            80	2024-05-02 07:57:33	1	0	1	0
           605	2024-05-02 07:58:03	1	0	1	0
           332	2024-05-02 08:00:33	1	0	1	0
           181	2024-05-02 08:04:23	1	0	1	0
            57	2024-05-02 08:05:55	1	0	1	0
           145	2024-05-02 08:07:04	1	0	1	0
           401	2024-05-02 08:54:22	1	0	1	0
           385	2024-05-02 11:44:05	1	0	1	0
           471	2024-05-02 12:00:32	1	0	1	0
           369	2024-05-02 12:01:01	1	0	1	0
           379	2024-05-02 12:01:08	1	0	1	0
           187	2024-05-02 12:01:18	1	0	1	0
            48	2024-05-02 12:01:37	1	0	1	0
            58	2024-05-02 12:01:43	1	0	1	0
           605	2024-05-02 12:04:52	1	0	1	0
           602	2024-05-02 12:04:55	1	0	1	0
           241	2024-05-02 12:05:06	1	0	1	0
           627	2024-05-02 12:05:09	1	0	1	0
           385	2024-05-02 12:05:14	1	0	1	0
           473	2024-05-02 12:15:28	1	0	1	0
           142	2024-05-02 12:15:34	1	0	1	0
           471	2024-05-02 12:16:04	1	0	1	0
           118	2024-05-02 12:17:33	1	0	1	0
           180	2024-05-02 12:19:08	1	0	1	0
            48	2024-05-02 12:20:50	1	0	1	0
            58	2024-05-02 12:21:01	1	0	1	0
           605	2024-05-02 12:23:54	1	0	1	0
           187	2024-05-02 12:26:28	1	0	1	0
           369	2024-05-02 12:26:31	1	0	1	0
            57	2024-05-02 12:27:46	1	0	1	0
            91	2024-05-02 12:36:26	1	0	1	0
           551	2024-05-02 12:36:32	1	0	15	0
           185	2024-05-02 12:36:39	1	0	1	0
           142	2024-05-02 12:39:16	1	0	1	0
           602	2024-05-02 12:42:19	1	0	1	0
           473	2024-05-02 12:43:22	1	0	1	0
            80	2024-05-02 12:45:18	1	0	1	0
            57	2024-05-02 12:46:36	1	0	1	0
           241	2024-05-02 12:50:02	1	0	1	0
           627	2024-05-02 12:50:05	1	0	1	0
           180	2024-05-02 12:51:56	1	0	1	0
           379	2024-05-02 12:53:34	1	0	1	0
           118	2024-05-02 12:53:51	1	0	1	0
           185	2024-05-02 12:54:46	1	0	1	0
            91	2024-05-02 12:56:00	1	0	1	0
           551	2024-05-02 12:57:34	1	0	15	0
            80	2024-05-02 13:00:35	1	0	1	0
           145	2024-05-02 13:07:16	1	0	1	0
           401	2024-05-02 13:07:25	1	0	1	0
           332	2024-05-02 13:07:36	1	0	1	0
           472	2024-05-02 13:07:59	1	0	1	0
           472	2024-05-02 13:30:13	1	0	1	0
           145	2024-05-02 13:31:13	1	0	1	0
           401	2024-05-02 13:31:21	1	0	1	0
           332	2024-05-02 13:33:34	1	0	1	0
            91	2024-05-02 17:00:03	1	0	1	0
           185	2024-05-02 17:00:09	1	0	1	0
            48	2024-05-02 17:00:15	1	0	1	0
            58	2024-05-02 17:00:24	1	0	1	0
           551	2024-05-02 17:01:31	1	0	15	0
            80	2024-05-02 17:01:37	1	0	1	0
           379	2024-05-02 17:01:41	1	0	1	0
           627	2024-05-02 17:01:51	1	0	1	0
           241	2024-05-02 17:01:57	1	0	1	0
            57	2024-05-02 17:03:11	1	0	1	0
           181	2024-05-02 17:04:43	1	0	1	0
           180	2024-05-02 17:05:01	1	0	1	0
           369	2024-05-02 17:11:25	1	0	1	0
           385	2024-05-02 17:11:39	1	0	1	0
           118	2024-05-02 17:12:11	1	0	1	0
           602	2024-05-02 17:12:41	1	0	1	0
           605	2024-05-02 17:15:56	1	0	1	0
           473	2024-05-02 17:16:01	1	0	1	0
           142	2024-05-02 17:45:07	1	0	1	0
           187	2024-05-02 17:56:51	1	0	1	0
           471	2024-05-02 17:59:05	1	0	1	0
           472	2024-05-02 18:00:04	1	0	1	0
           145	2024-05-02 18:13:41	1	0	1	0
           401	2024-05-02 18:20:21	1	0	1	0
           332	2024-05-02 18:55:11	1	0	1	0
           385	2024-05-03 05:04:43	1	0	1	0
           181	2024-05-03 06:13:12	1	0	1	0
            58	2024-05-03 06:35:42	1	0	1	0
           473	2024-05-03 06:53:59	1	0	1	0
           187	2024-05-03 07:12:08	1	0	1	0
            80	2024-05-03 07:19:12	1	0	1	0
           185	2024-05-03 07:23:02	1	0	1	0
            91	2024-05-03 07:24:46	1	0	1	0
           627	2024-05-03 07:28:15	1	0	1	0
           118	2024-05-03 07:36:21	1	0	1	0
           602	2024-05-03 07:39:41	1	0	1	0
           471	2024-05-03 07:44:06	1	0	1	0
           551	2024-05-03 07:45:25	1	0	15	0
            57	2024-05-03 07:50:33	1	0	1	0
           605	2024-05-03 07:50:40	1	0	1	0
           379	2024-05-03 07:54:07	1	0	1	0
           180	2024-05-03 07:55:56	1	0	1	0
           369	2024-05-03 07:58:15	1	0	1	0
           241	2024-05-03 08:01:39	1	0	1	0
           142	2024-05-03 08:16:49	1	0	1	0
           472	2024-05-03 08:17:48	1	0	1	0
           145	2024-05-03 08:25:02	1	0	1	0
           401	2024-05-03 09:05:53	1	0	1	0
           144	2024-05-03 09:37:23	1	0	1	0
            57	2024-05-03 12:00:55	1	0	1	0
           379	2024-05-03 12:01:54	1	0	1	0
            80	2024-05-03 12:02:55	1	0	1	0
           551	2024-05-03 12:03:06	1	0	15	0
           185	2024-05-03 12:03:15	1	0	1	0
            91	2024-05-03 12:03:36	1	0	1	0
           627	2024-05-03 12:03:43	1	0	1	0
           385	2024-05-03 12:04:16	1	0	1	0
           142	2024-05-03 12:04:31	1	0	1	0
           369	2024-05-03 12:05:00	1	0	1	0
           180	2024-05-03 12:06:11	1	0	1	0
           473	2024-05-03 12:09:21	1	0	1	0
           118	2024-05-03 12:09:24	1	0	1	0
           602	2024-05-03 12:09:28	1	0	1	0
           605	2024-05-03 12:09:38	1	0	1	0
           241	2024-05-03 12:11:53	1	0	1	0
            91	2024-05-03 12:20:53	1	0	1	0
           185	2024-05-03 12:21:04	1	0	1	0
            48	2024-05-03 12:24:26	1	0	1	0
           187	2024-05-03 12:24:32	1	0	1	0
           473	2024-05-03 12:25:07	1	0	1	0
            58	2024-05-03 12:25:14	1	0	1	0
            57	2024-05-03 12:25:31	1	0	1	0
           118	2024-05-03 12:26:02	1	0	1	0
           605	2024-05-03 12:26:09	1	0	1	0
           602	2024-05-03 12:26:26	1	0	1	0
           369	2024-05-03 12:33:55	1	0	1	0
           241	2024-05-03 12:34:00	1	0	1	0
           180	2024-05-03 12:38:27	1	0	1	0
           627	2024-05-03 12:38:35	1	0	1	0
           385	2024-05-03 12:38:40	1	0	1	0
            80	2024-05-03 12:43:44	1	0	1	0
           551	2024-05-03 12:43:56	1	0	15	0
           187	2024-05-03 12:46:26	1	0	1	0
            58	2024-05-03 12:47:19	1	0	1	0
           142	2024-05-03 12:47:28	1	0	1	0
            48	2024-05-03 12:49:15	1	0	1	0
           379	2024-05-03 12:52:21	1	0	1	0
           145	2024-05-03 13:06:45	1	0	1	0
           472	2024-05-03 13:07:42	1	0	1	0
           332	2024-05-03 13:09:49	1	0	1	0
           401	2024-05-03 13:12:14	1	0	1	0
           145	2024-05-03 13:26:21	1	0	1	0
           332	2024-05-03 13:29:24	1	0	1	0
           472	2024-05-03 13:48:11	1	0	1	0
           401	2024-05-03 13:50:44	1	0	1	0
            80	2024-05-03 17:00:22	1	0	1	0
            91	2024-05-03 17:01:14	1	0	1	0
           241	2024-05-03 17:01:22	1	0	1	0
           471	2024-05-03 17:01:33	1	0	1	0
           187	2024-05-03 17:02:06	1	0	1	0
            48	2024-05-03 17:02:30	1	0	1	0
           185	2024-05-03 17:02:38	1	0	1	0
            58	2024-05-03 17:03:26	1	0	1	0
           142	2024-05-03 17:03:41	1	0	1	0
           369	2024-05-03 17:03:46	1	0	1	0
           379	2024-05-03 17:06:17	1	0	1	0
           180	2024-05-03 17:08:44	1	0	1	0
           627	2024-05-03 17:08:49	1	0	1	0
           473	2024-05-03 17:18:19	1	0	1	0
           602	2024-05-03 17:18:23	1	0	1	0
           605	2024-05-03 17:18:30	1	0	1	0
           118	2024-05-03 17:19:38	1	0	1	0
           181	2024-05-03 17:33:28	1	0	1	0
           385	2024-05-03 17:59:40	1	0	1	0
           472	2024-05-03 18:01:18	1	0	1	0
           401	2024-05-03 18:01:37	1	0	1	0
           145	2024-05-03 18:09:18	1	0	1	0
           332	2024-05-03 18:22:51	1	0	1	0
           144	2024-05-03 18:54:34	1	0	1	0
           385	2024-05-06 05:45:39	1	0	1	0
           401	2024-05-06 06:26:37	1	0	1	0
            58	2024-05-06 06:37:06	1	0	1	0
           473	2024-05-06 06:51:39	1	0	1	0
           187	2024-05-06 07:15:32	1	0	1	0
            48	2024-05-06 07:20:55	1	0	1	0
            91	2024-05-06 07:30:52	1	0	1	0
           185	2024-05-06 07:31:15	1	0	1	0
           602	2024-05-06 07:36:40	1	0	1	0
           627	2024-05-06 07:41:21	1	0	1	0
           551	2024-05-06 07:42:19	1	0	15	0
           527	2024-05-06 07:44:28	1	0	1	0
           118	2024-05-06 07:47:28	1	0	1	0
           472	2024-05-06 07:53:23	1	0	1	0
           471	2024-05-06 07:54:24	1	0	1	0
           379	2024-05-06 07:56:12	1	0	1	0
           241	2024-05-06 07:58:03	1	0	1	0
           180	2024-05-06 07:58:09	1	0	1	0
            80	2024-05-06 07:58:31	1	0	1	0
           605	2024-05-06 08:00:52	1	0	1	0
           181	2024-05-06 08:02:24	1	0	1	0
           145	2024-05-06 08:26:30	1	0	1	0
            91	2024-05-06 12:00:35	1	0	1	0
           185	2024-05-06 12:01:22	1	0	1	0
           527	2024-05-06 12:01:28	1	0	1	0
           551	2024-05-06 12:01:35	1	0	15	0
           602	2024-05-06 12:02:13	1	0	1	0
           471	2024-05-06 12:02:20	1	0	1	0
           605	2024-05-06 12:02:26	1	0	1	0
           473	2024-05-06 12:02:56	1	0	1	0
           118	2024-05-06 12:03:13	1	0	1	0
           379	2024-05-06 12:04:44	1	0	1	0
            80	2024-05-06 12:05:36	1	0	1	0
           241	2024-05-06 12:08:32	1	0	1	0
           180	2024-05-06 12:11:21	1	0	1	0
            48	2024-05-06 12:12:58	1	0	1	0
            58	2024-05-06 12:13:04	1	0	1	0
           181	2024-05-06 12:14:08	1	0	1	0
           385	2024-05-06 12:20:53	1	0	1	0
           379	2024-05-06 12:21:54	1	0	1	0
           471	2024-05-06 12:22:21	1	0	1	0
           473	2024-05-06 12:22:52	1	0	1	0
           605	2024-05-06 12:23:10	1	0	1	0
           602	2024-05-06 12:23:13	1	0	1	0
            80	2024-05-06 12:25:17	1	0	1	0
           551	2024-05-06 12:25:23	1	0	15	0
           118	2024-05-06 12:33:35	1	0	1	0
           627	2024-05-06 12:35:03	1	0	1	0
            91	2024-05-06 12:42:58	1	0	1	0
           527	2024-05-06 12:43:48	1	0	1	0
           241	2024-05-06 12:44:20	1	0	1	0
           385	2024-05-06 12:44:44	1	0	1	0
           180	2024-05-06 12:49:25	1	0	1	0
           181	2024-05-06 12:52:44	1	0	1	0
           627	2024-05-06 12:52:48	1	0	1	0
           185	2024-05-06 12:55:22	1	0	1	0
           472	2024-05-06 13:00:07	1	0	1	0
           145	2024-05-06 13:20:12	1	0	1	0
           472	2024-05-06 13:37:09	1	0	1	0
            91	2024-05-06 17:00:14	1	0	1	0
           527	2024-05-06 17:00:19	1	0	1	0
           379	2024-05-06 17:00:24	1	0	1	0
            58	2024-05-06 17:01:46	1	0	1	0
            48	2024-05-06 17:01:53	1	0	1	0
           187	2024-05-06 17:05:26	1	0	1	0
            80	2024-05-06 17:05:53	1	0	1	0
           551	2024-05-06 17:06:02	1	0	15	0
           602	2024-05-06 17:08:04	1	0	1	0
           118	2024-05-06 17:08:29	1	0	1	0
           605	2024-05-06 17:11:30	1	0	1	0
           473	2024-05-06 17:25:16	1	0	1	0
           241	2024-05-06 17:30:45	1	0	1	0
           180	2024-05-06 17:32:53	1	0	1	0
           185	2024-05-06 17:32:59	1	0	1	0
           181	2024-05-06 17:33:08	1	0	1	0
           472	2024-05-06 18:01:26	1	0	1	0
           471	2024-05-06 18:01:32	1	0	1	0
           145	2024-05-06 18:03:04	1	0	1	0
           627	2024-05-06 18:37:59	1	0	1	0
           385	2024-05-06 18:38:09	1	0	1	0
           385	2024-05-07 05:36:26	1	0	1	0
           145	2024-05-07 06:37:45	1	0	1	0
            58	2024-05-07 06:41:01	1	0	1	0
            48	2024-05-07 07:15:45	1	0	1	0
           118	2024-05-07 07:24:20	1	0	1	0
           473	2024-05-07 07:27:01	1	0	1	0
           379	2024-05-07 07:33:07	1	0	1	0
           185	2024-05-07 07:39:10	1	0	1	0
            91	2024-05-07 07:39:23	1	0	1	0
           527	2024-05-07 07:42:43	1	0	1	0
           602	2024-05-07 07:47:51	1	0	1	0
           627	2024-05-07 07:48:09	1	0	1	0
           605	2024-05-07 07:48:44	1	0	1	0
           551	2024-05-07 07:53:25	1	0	15	0
           472	2024-05-07 07:55:28	1	0	1	0
           471	2024-05-07 07:55:58	1	0	1	0
           181	2024-05-07 07:58:42	1	0	1	0
           241	2024-05-07 08:05:57	1	0	1	0
           180	2024-05-07 08:10:03	1	0	1	0
           332	2024-05-07 09:04:52	1	0	1	0
           144	2024-05-07 09:24:17	1	0	1	0
           385	2024-05-07 11:35:17	1	0	1	0
           241	2024-05-07 12:00:32	1	0	1	0
           473	2024-05-07 12:01:25	1	0	1	0
            48	2024-05-07 12:02:10	1	0	1	0
            58	2024-05-07 12:02:20	1	0	1	0
           471	2024-05-07 12:02:31	1	0	1	0
           602	2024-05-07 12:02:35	1	0	1	0
           605	2024-05-07 12:02:49	1	0	1	0
           551	2024-05-07 12:04:13	1	0	15	0
           118	2024-05-07 12:04:20	1	0	1	0
           379	2024-05-07 12:05:52	1	0	1	0
           180	2024-05-07 12:07:28	1	0	1	0
           385	2024-05-07 12:07:34	1	0	1	0
           627	2024-05-07 12:07:49	1	0	1	0
           185	2024-05-07 12:12:59	1	0	1	0
           527	2024-05-07 12:13:04	1	0	1	0
           473	2024-05-07 12:23:46	1	0	1	0
           118	2024-05-07 12:23:53	1	0	1	0
           471	2024-05-07 12:24:00	1	0	1	0
           605	2024-05-07 12:24:03	1	0	1	0
           181	2024-05-07 12:25:21	1	0	1	0
           379	2024-05-07 12:26:36	1	0	1	0
           180	2024-05-07 12:26:54	1	0	1	0
           527	2024-05-07 12:28:21	1	0	1	0
            48	2024-05-07 12:33:59	1	0	1	0
            58	2024-05-07 12:34:07	1	0	1	0
            91	2024-05-07 12:34:35	1	0	1	0
           602	2024-05-07 12:42:06	1	0	1	0
           627	2024-05-07 12:45:50	1	0	1	0
           185	2024-05-07 12:45:55	1	0	1	0
           181	2024-05-07 12:45:58	1	0	1	0
           241	2024-05-07 12:48:27	1	0	1	0
            91	2024-05-07 12:53:42	1	0	1	0
           332	2024-05-07 13:07:37	1	0	1	0
           144	2024-05-07 13:22:01	1	0	1	0
           472	2024-05-07 13:33:19	1	0	1	0
           332	2024-05-07 13:43:39	1	0	1	0
           144	2024-05-07 13:52:14	1	0	1	0
           472	2024-05-07 13:56:35	1	0	1	0
           181	2024-05-07 17:00:04	1	0	1	0
           379	2024-05-07 17:01:56	1	0	1	0
           527	2024-05-07 17:02:54	1	0	1	0
            48	2024-05-07 17:03:37	1	0	1	0
            58	2024-05-07 17:03:47	1	0	1	0
           185	2024-05-07 17:08:26	1	0	1	0
           241	2024-05-07 17:10:11	1	0	1	0
           627	2024-05-07 17:16:44	1	0	1	0
           602	2024-05-07 17:21:57	1	0	1	0
           605	2024-05-07 17:24:51	1	0	1	0
           473	2024-05-07 17:25:29	1	0	1	0
            91	2024-05-07 17:25:48	1	0	1	0
           180	2024-05-07 17:28:17	1	0	1	0
           118	2024-05-07 17:28:38	1	0	1	0
           471	2024-05-07 17:32:56	1	0	1	0
           145	2024-05-07 18:03:21	1	0	1	0
           385	2024-05-07 18:15:43	1	0	1	0
           332	2024-05-07 18:21:24	1	0	1	0
           144	2024-05-07 19:08:46	1	0	1	0
           385	2024-05-08 06:12:19	1	0	1	0
            58	2024-05-08 06:32:29	1	0	1	0
           473	2024-05-08 06:42:14	1	0	1	0
            48	2024-05-08 07:21:13	1	0	1	0
           142	2024-05-08 07:23:21	1	0	1	0
           185	2024-05-08 07:27:11	1	0	1	0
           332	2024-05-08 07:30:30	1	0	1	0
            91	2024-05-08 07:30:36	1	0	1	0
           627	2024-05-08 07:34:00	1	0	1	0
           369	2024-05-08 07:34:15	1	0	1	0
           551	2024-05-08 07:35:32	1	0	15	0
           118	2024-05-08 07:36:40	1	0	1	0
           602	2024-05-08 07:44:46	1	0	1	0
           379	2024-05-08 07:45:13	1	0	1	0
            57	2024-05-08 07:46:35	1	0	1	0
           527	2024-05-08 07:47:51	1	0	1	0
           605	2024-05-08 07:48:41	1	0	1	0
           180	2024-05-08 07:48:48	1	0	1	0
            80	2024-05-08 07:53:52	1	0	1	0
           471	2024-05-08 07:57:38	1	0	1	0
           472	2024-05-08 07:57:44	1	0	1	0
           241	2024-05-08 08:01:44	1	0	1	0
           181	2024-05-08 08:01:59	1	0	1	0
           145	2024-05-08 08:28:01	1	0	1	0
           401	2024-05-08 08:52:31	1	0	1	0
           144	2024-05-08 09:12:43	1	0	1	0
           385	2024-05-08 11:40:16	1	0	1	0
            58	2024-05-08 12:00:07	1	0	1	0
           142	2024-05-08 12:00:27	1	0	1	0
           471	2024-05-08 12:00:56	1	0	1	0
           551	2024-05-08 12:01:43	1	0	15	0
           118	2024-05-08 12:01:56	1	0	1	0
            80	2024-05-08 12:02:11	1	0	1	0
           527	2024-05-08 12:02:22	1	0	1	0
           385	2024-05-08 12:02:26	1	0	1	0
           241	2024-05-08 12:02:33	1	0	1	0
           473	2024-05-08 12:03:01	1	0	1	0
           379	2024-05-08 12:03:53	1	0	1	0
           602	2024-05-08 12:03:59	1	0	1	0
           605	2024-05-08 12:04:07	1	0	1	0
           180	2024-05-08 12:05:33	1	0	1	0
           185	2024-05-08 12:05:48	1	0	1	0
            91	2024-05-08 12:06:26	1	0	1	0
           369	2024-05-08 12:12:27	1	0	1	0
           471	2024-05-08 12:16:57	1	0	1	0
           118	2024-05-08 12:17:12	1	0	1	0
            48	2024-05-08 12:18:35	1	0	1	0
           627	2024-05-08 12:21:42	1	0	1	0
           379	2024-05-08 12:22:04	1	0	1	0
            80	2024-05-08 12:22:41	1	0	1	0
           551	2024-05-08 12:22:53	1	0	15	0
            58	2024-05-08 12:24:18	1	0	1	0
           241	2024-05-08 12:31:28	1	0	1	0
           602	2024-05-08 12:32:45	1	0	1	0
           605	2024-05-08 12:32:49	1	0	1	0
           473	2024-05-08 12:36:35	1	0	1	0
           185	2024-05-08 12:37:02	1	0	1	0
           181	2024-05-08 12:37:09	1	0	1	0
           527	2024-05-08 12:38:59	1	0	1	0
            57	2024-05-08 12:40:31	1	0	1	0
            48	2024-05-08 12:44:38	1	0	1	0
           180	2024-05-08 12:47:44	1	0	1	0
           369	2024-05-08 12:51:31	1	0	1	0
            91	2024-05-08 12:51:55	1	0	1	0
            57	2024-05-08 12:56:42	1	0	1	0
           142	2024-05-08 12:59:53	1	0	1	0
           401	2024-05-08 13:03:16	1	0	1	0
           332	2024-05-08 13:13:36	1	0	1	0
           144	2024-05-08 13:18:28	1	0	1	0
           401	2024-05-08 13:18:32	1	0	1	0
           472	2024-05-08 13:26:55	1	0	1	0
           145	2024-05-08 13:37:35	1	0	1	0
           144	2024-05-08 13:43:39	1	0	1	0
           472	2024-05-08 13:50:27	1	0	1	0
           332	2024-05-08 13:53:27	1	0	1	0
           145	2024-05-08 13:54:59	1	0	1	0
            57	2024-05-08 17:00:22	1	0	1	0
           369	2024-05-08 17:00:35	1	0	1	0
           181	2024-05-08 17:00:42	1	0	1	0
            48	2024-05-08 17:01:00	1	0	1	0
            58	2024-05-08 17:01:20	1	0	1	0
           551	2024-05-08 17:02:37	1	0	15	0
           379	2024-05-08 17:02:48	1	0	1	0
           185	2024-05-08 17:03:24	1	0	1	0
           527	2024-05-08 17:03:29	1	0	1	0
           471	2024-05-08 17:05:08	1	0	1	0
           627	2024-05-08 17:05:26	1	0	1	0
           473	2024-05-08 17:07:15	1	0	1	0
           602	2024-05-08 17:08:24	1	0	1	0
           605	2024-05-08 17:08:28	1	0	1	0
           118	2024-05-08 17:09:19	1	0	1	0
           180	2024-05-08 17:11:17	1	0	1	0
           241	2024-05-08 17:14:53	1	0	1	0
            91	2024-05-08 17:18:44	1	0	1	0
            80	2024-05-08 17:23:02	1	0	1	0
           385	2024-05-08 17:23:14	1	0	1	0
           142	2024-05-08 17:47:39	1	0	1	0
           472	2024-05-08 18:01:20	1	0	1	0
           145	2024-05-08 18:14:01	1	0	1	0
           332	2024-05-08 18:19:14	1	0	1	0
           144	2024-05-08 18:21:51	1	0	1	0
           401	2024-05-08 18:21:57	1	0	1	0
           385	2024-05-09 05:53:43	1	0	1	0
            58	2024-05-09 06:33:33	1	0	1	0
           473	2024-05-09 07:21:26	1	0	1	0
           627	2024-05-09 07:23:45	1	0	1	0
           118	2024-05-09 07:33:54	1	0	1	0
           185	2024-05-09 07:34:16	1	0	1	0
            91	2024-05-09 07:35:10	1	0	1	0
            48	2024-05-09 07:38:18	1	0	1	0
           181	2024-05-09 07:38:25	1	0	1	0
           551	2024-05-09 07:41:10	1	0	15	0
           602	2024-05-09 07:42:36	1	0	1	0
           605	2024-05-09 07:47:06	1	0	1	0
           241	2024-05-09 07:48:01	1	0	1	0
           142	2024-05-09 07:48:12	1	0	1	0
           379	2024-05-09 07:50:26	1	0	1	0
           527	2024-05-09 07:51:50	1	0	1	0
           180	2024-05-09 07:54:13	1	0	1	0
            57	2024-05-09 07:56:06	1	0	1	0
           471	2024-05-09 07:58:05	1	0	1	0
           472	2024-05-09 07:58:11	1	0	1	0
            80	2024-05-09 08:02:02	1	0	1	0
           187	2024-05-09 08:15:50	1	0	1	0
           145	2024-05-09 08:26:11	1	0	1	0
           401	2024-05-09 09:06:10	1	0	1	0
           144	2024-05-09 09:26:08	1	0	1	0
           332	2024-05-09 11:13:33	1	0	1	0
           385	2024-05-09 11:34:14	1	0	1	0
           187	2024-05-09 12:01:10	1	0	1	0
            57	2024-05-09 12:01:18	1	0	1	0
            48	2024-05-09 12:01:39	1	0	1	0
            58	2024-05-09 12:01:46	1	0	1	0
           142	2024-05-09 12:01:56	1	0	1	0
           369	2024-05-09 12:02:31	1	0	1	0
           602	2024-05-09 12:02:59	1	0	1	0
           605	2024-05-09 12:03:01	1	0	1	0
           473	2024-05-09 12:03:12	1	0	1	0
            80	2024-05-09 12:05:28	1	0	1	0
           551	2024-05-09 12:05:34	1	0	15	0
           627	2024-05-09 12:11:09	1	0	1	0
           385	2024-05-09 12:11:19	1	0	1	0
           180	2024-05-09 12:11:27	1	0	1	0
           185	2024-05-09 12:11:31	1	0	1	0
           527	2024-05-09 12:11:35	1	0	1	0
           181	2024-05-09 12:11:45	1	0	1	0
           379	2024-05-09 12:11:55	1	0	1	0
           471	2024-05-09 12:12:35	1	0	1	0
           118	2024-05-09 12:12:40	1	0	1	0
           241	2024-05-09 12:15:34	1	0	1	0
            57	2024-05-09 12:16:35	1	0	1	0
           187	2024-05-09 12:17:59	1	0	1	0
            48	2024-05-09 12:18:07	1	0	1	0
            58	2024-05-09 12:18:16	1	0	1	0
            91	2024-05-09 12:19:59	1	0	1	0
            80	2024-05-09 12:21:30	1	0	1	0
           551	2024-05-09 12:21:38	1	0	15	0
           605	2024-05-09 12:26:43	1	0	1	0
           602	2024-05-09 12:26:49	1	0	1	0
           379	2024-05-09 12:27:24	1	0	1	0
           118	2024-05-09 12:27:42	1	0	1	0
           471	2024-05-09 12:27:48	1	0	1	0
           473	2024-05-09 12:31:59	1	0	1	0
           241	2024-05-09 12:41:04	1	0	1	0
           527	2024-05-09 12:41:12	1	0	1	0
           181	2024-05-09 12:41:15	1	0	1	0
           185	2024-05-09 12:41:24	1	0	1	0
           180	2024-05-09 12:41:31	1	0	1	0
            91	2024-05-09 12:41:51	1	0	1	0
           142	2024-05-09 12:48:30	1	0	1	0
           369	2024-05-09 12:51:09	1	0	1	0
           627	2024-05-09 13:00:03	1	0	1	0
           332	2024-05-09 13:01:45	1	0	1	0
           145	2024-05-09 13:08:44	1	0	1	0
           401	2024-05-09 13:08:49	1	0	1	0
           144	2024-05-09 13:20:54	1	0	1	0
           472	2024-05-09 13:25:49	1	0	1	0
           145	2024-05-09 13:46:45	1	0	1	0
           401	2024-05-09 13:46:54	1	0	1	0
           332	2024-05-09 13:53:45	1	0	1	0
           144	2024-05-09 13:54:43	1	0	1	0
           472	2024-05-09 13:58:59	1	0	1	0
            57	2024-05-09 17:00:07	1	0	1	0
            48	2024-05-09 17:00:14	1	0	1	0
            58	2024-05-09 17:00:22	1	0	1	0
           187	2024-05-09 17:00:40	1	0	1	0
           369	2024-05-09 17:01:49	1	0	1	0
           379	2024-05-09 17:02:02	1	0	1	0
           551	2024-05-09 17:02:27	1	0	15	0
            80	2024-05-09 17:03:51	1	0	1	0
            91	2024-05-09 17:05:30	1	0	1	0
           185	2024-05-09 17:06:13	1	0	1	0
           241	2024-05-09 17:08:06	1	0	1	0
           602	2024-05-09 17:08:18	1	0	1	0
           181	2024-05-09 17:08:24	1	0	1	0
           605	2024-05-09 17:08:37	1	0	1	0
           527	2024-05-09 17:10:02	1	0	1	0
           180	2024-05-09 17:11:15	1	0	1	0
           627	2024-05-09 17:11:23	1	0	1	0
           385	2024-05-09 17:11:29	1	0	1	0
           118	2024-05-09 17:13:18	1	0	1	0
           471	2024-05-09 17:18:02	1	0	1	0
           473	2024-05-09 17:21:47	1	0	1	0
           142	2024-05-09 17:51:17	1	0	1	0
           472	2024-05-09 18:01:30	1	0	1	0
           145	2024-05-09 18:07:42	1	0	1	0
           401	2024-05-09 18:07:49	1	0	1	0
           332	2024-05-09 18:08:16	1	0	1	0
           144	2024-05-09 18:56:51	1	0	1	0
           385	2024-05-10 04:15:56	1	0	1	0
           181	2024-05-10 06:05:11	1	0	1	0
            58	2024-05-10 06:38:44	1	0	1	0
           605	2024-05-10 07:12:22	1	0	1	0
           187	2024-05-10 07:17:26	1	0	1	0
           473	2024-05-10 07:22:44	1	0	1	0
            48	2024-05-10 07:23:26	1	0	1	0
            91	2024-05-10 07:27:03	1	0	1	0
           185	2024-05-10 07:27:07	1	0	1	0
           379	2024-05-10 07:38:15	1	0	1	0
           551	2024-05-10 07:42:02	1	0	15	0
           527	2024-05-10 07:43:39	1	0	1	0
           142	2024-05-10 07:47:08	1	0	1	0
           627	2024-05-10 07:53:30	1	0	1	0
           471	2024-05-10 07:55:40	1	0	1	0
           472	2024-05-10 07:55:52	1	0	1	0
           602	2024-05-10 07:56:50	1	0	1	0
           118	2024-05-10 07:57:15	1	0	1	0
            80	2024-05-10 07:58:28	1	0	1	0
           180	2024-05-10 08:00:41	1	0	1	0
           369	2024-05-10 08:04:14	1	0	1	0
           241	2024-05-10 08:04:44	1	0	1	0
           145	2024-05-10 08:42:33	1	0	1	0
           332	2024-05-10 08:43:17	1	0	1	0
           401	2024-05-10 09:07:23	1	0	1	0
           144	2024-05-10 09:20:58	1	0	1	0
           385	2024-05-10 11:37:05	1	0	1	0
           471	2024-05-10 12:03:30	1	0	1	0
           118	2024-05-10 12:04:20	1	0	1	0
           473	2024-05-10 12:04:28	1	0	1	0
           551	2024-05-10 12:05:55	1	0	15	0
            80	2024-05-10 12:06:00	1	0	1	0
           605	2024-05-10 12:06:04	1	0	1	0
           602	2024-05-10 12:06:24	1	0	1	0
           369	2024-05-10 12:06:59	1	0	1	0
            58	2024-05-10 12:08:28	1	0	1	0
           241	2024-05-10 12:09:24	1	0	1	0
           180	2024-05-10 12:10:37	1	0	1	0
           142	2024-05-10 12:14:51	1	0	1	0
            91	2024-05-10 12:15:07	1	0	1	0
           527	2024-05-10 12:15:35	1	0	1	0
           181	2024-05-10 12:15:50	1	0	1	0
           185	2024-05-10 12:16:12	1	0	1	0
           379	2024-05-10 12:17:27	1	0	1	0
            80	2024-05-10 12:25:44	1	0	1	0
           551	2024-05-10 12:25:52	1	0	15	0
           471	2024-05-10 12:27:52	1	0	1	0
           118	2024-05-10 12:28:19	1	0	1	0
           187	2024-05-10 12:28:40	1	0	1	0
            48	2024-05-10 12:28:49	1	0	1	0
           379	2024-05-10 12:38:41	1	0	1	0
           473	2024-05-10 12:39:04	1	0	1	0
           605	2024-05-10 12:39:08	1	0	1	0
           602	2024-05-10 12:39:11	1	0	1	0
           185	2024-05-10 12:43:06	1	0	1	0
           181	2024-05-10 12:43:11	1	0	1	0
           627	2024-05-10 12:43:14	1	0	1	0
           241	2024-05-10 12:45:17	1	0	1	0
           369	2024-05-10 12:45:42	1	0	1	0
            58	2024-05-10 12:45:54	1	0	1	0
            91	2024-05-10 12:46:20	1	0	1	0
           187	2024-05-10 12:46:26	1	0	1	0
            48	2024-05-10 12:46:32	1	0	1	0
           180	2024-05-10 12:49:09	1	0	1	0
           527	2024-05-10 12:49:34	1	0	1	0
           142	2024-05-10 12:50:55	1	0	1	0
           145	2024-05-10 13:03:12	1	0	1	0
           401	2024-05-10 13:03:20	1	0	1	0
           472	2024-05-10 13:05:03	1	0	1	0
           145	2024-05-10 13:20:59	1	0	1	0
           401	2024-05-10 13:21:05	1	0	1	0
           332	2024-05-10 13:34:38	1	0	1	0
           472	2024-05-10 13:49:07	1	0	1	0
           332	2024-05-10 13:55:38	1	0	1	0
            58	2024-05-10 17:00:16	1	0	1	0
            48	2024-05-10 17:00:25	1	0	1	0
           369	2024-05-10 17:00:38	1	0	1	0
           379	2024-05-10 17:04:22	1	0	1	0
           551	2024-05-10 17:05:14	1	0	15	0
           142	2024-05-10 17:10:53	1	0	1	0
           527	2024-05-10 17:17:42	1	0	1	0
           118	2024-05-10 17:17:57	1	0	1	0
           471	2024-05-10 17:18:02	1	0	1	0
           605	2024-05-10 17:19:15	1	0	1	0
           241	2024-05-10 17:19:21	1	0	1	0
           602	2024-05-10 17:21:13	1	0	1	0
           473	2024-05-10 17:22:26	1	0	1	0
            80	2024-05-10 17:25:23	1	0	1	0
           627	2024-05-10 17:28:56	1	0	1	0
           181	2024-05-10 17:48:25	1	0	1	0
           187	2024-05-10 17:52:42	1	0	1	0
           385	2024-05-10 17:54:44	1	0	1	0
           472	2024-05-10 18:00:04	1	0	1	0
           145	2024-05-10 18:09:08	1	0	1	0
           332	2024-05-10 18:12:51	1	0	1	0
           144	2024-05-10 18:33:06	1	0	1	0
           401	2024-05-10 18:38:14	1	0	1	0
            91	2024-05-10 18:39:26	1	0	1	0
           185	2024-05-10 18:41:37	1	0	1	0
           385	2024-05-13 05:21:50	1	0	1	0
            58	2024-05-13 06:48:58	1	0	1	0
            80	2024-05-13 07:03:19	1	0	1	0
           602	2024-05-13 07:07:06	1	0	1	0
           187	2024-05-13 07:08:14	1	0	1	0
            48	2024-05-13 07:26:50	1	0	1	0
           473	2024-05-13 07:35:28	1	0	1	0
           527	2024-05-13 07:36:10	1	0	1	0
           118	2024-05-13 07:38:23	1	0	1	0
           181	2024-05-13 07:39:14	1	0	1	0
           472	2024-05-13 07:41:34	1	0	1	0
           471	2024-05-13 07:42:55	1	0	1	0
           551	2024-05-13 07:43:41	1	0	1	0
           605	2024-05-13 07:44:20	1	0	1	0
           379	2024-05-13 07:44:51	1	0	1	0
           142	2024-05-13 07:48:22	1	0	1	0
           185	2024-05-13 07:48:56	1	0	1	0
            91	2024-05-13 07:49:51	1	0	1	0
           241	2024-05-13 07:59:20	1	0	1	0
           627	2024-05-13 08:01:07	1	0	1	0
            57	2024-05-13 08:05:44	1	0	1	0
           401	2024-05-13 08:09:59	1	0	1	0
           369	2024-05-13 08:13:45	1	0	1	0
           145	2024-05-13 08:28:29	1	0	1	0
           332	2024-05-13 11:04:23	1	0	1	0
           385	2024-05-13 11:42:13	1	0	1	0
            57	2024-05-13 12:00:16	1	0	1	0
           142	2024-05-13 12:00:47	1	0	1	0
           187	2024-05-13 12:00:57	1	0	1	0
            48	2024-05-13 12:01:07	1	0	1	0
           379	2024-05-13 12:01:15	1	0	1	0
           527	2024-05-13 12:01:23	1	0	1	0
           551	2024-05-13 12:01:59	1	0	1	0
            80	2024-05-13 12:02:15	1	0	1	0
           473	2024-05-13 12:03:55	1	0	1	0
           602	2024-05-13 12:04:01	1	0	1	0
           605	2024-05-13 12:04:05	1	0	1	0
           471	2024-05-13 12:05:15	1	0	1	0
           369	2024-05-13 12:06:16	1	0	1	0
           241	2024-05-13 12:08:32	1	0	1	0
           385	2024-05-13 12:12:26	1	0	1	0
           627	2024-05-13 12:16:35	1	0	1	0
           185	2024-05-13 12:17:28	1	0	1	0
            80	2024-05-13 12:20:41	1	0	1	0
           551	2024-05-13 12:20:54	1	0	1	0
           118	2024-05-13 12:21:14	1	0	1	0
            48	2024-05-13 12:21:20	1	0	1	0
           187	2024-05-13 12:21:25	1	0	1	0
            57	2024-05-13 12:22:54	1	0	1	0
           369	2024-05-13 12:33:23	1	0	1	0
            91	2024-05-13 12:35:56	1	0	1	0
           627	2024-05-13 12:43:01	1	0	1	0
           241	2024-05-13 12:46:28	1	0	1	0
           602	2024-05-13 12:48:03	1	0	1	0
           605	2024-05-13 12:48:41	1	0	1	0
           473	2024-05-13 12:48:49	1	0	1	0
           471	2024-05-13 12:49:35	1	0	1	0
           118	2024-05-13 12:49:39	1	0	1	0
           185	2024-05-13 12:50:20	1	0	1	0
           142	2024-05-13 12:50:55	1	0	1	0
            91	2024-05-13 12:53:12	1	0	1	0
           379	2024-05-13 12:53:37	1	0	1	0
           527	2024-05-13 12:54:22	1	0	1	0
           332	2024-05-13 13:14:51	1	0	1	0
           145	2024-05-13 13:20:25	1	0	1	0
           401	2024-05-13 13:26:35	1	0	1	0
           332	2024-05-13 13:46:00	1	0	1	0
           472	2024-05-13 13:53:16	1	0	1	0
           145	2024-05-13 13:57:48	1	0	1	0
           473	2024-05-13 16:59:02	1	0	1	0
           605	2024-05-13 17:00:12	1	0	1	0
           602	2024-05-13 17:00:23	1	0	1	0
            58	2024-05-13 17:01:32	1	0	1	0
            48	2024-05-13 17:01:41	1	0	1	0
           187	2024-05-13 17:01:50	1	0	1	0
            57	2024-05-13 17:01:59	1	0	1	0
           379	2024-05-13 17:02:04	1	0	1	0
           142	2024-05-13 17:03:33	1	0	1	0
           551	2024-05-13 17:06:22	1	0	1	0
            80	2024-05-13 17:11:31	1	0	1	0
           369	2024-05-13 17:20:44	1	0	1	0
            91	2024-05-13 17:42:54	1	0	1	0
           241	2024-05-13 17:49:18	1	0	1	0
           471	2024-05-13 17:56:36	1	0	1	0
           118	2024-05-13 17:57:35	1	0	1	0
           472	2024-05-13 18:00:13	1	0	1	0
           332	2024-05-13 18:03:44	1	0	1	0
           401	2024-05-13 18:04:09	1	0	1	0
           145	2024-05-13 18:05:12	1	0	1	0
           627	2024-05-13 19:09:29	1	0	1	0
           181	2024-05-13 19:10:04	1	0	1	0
           527	2024-05-13 19:10:09	1	0	1	0
           185	2024-05-13 19:11:39	1	0	1	0
           385	2024-05-13 19:12:36	1	0	1	0
           385	2024-05-14 05:55:13	1	0	1	0
            58	2024-05-14 06:36:46	1	0	1	0
           187	2024-05-14 07:13:44	1	0	1	0
            48	2024-05-14 07:24:35	1	0	1	0
           185	2024-05-14 07:29:16	1	0	1	0
            91	2024-05-14 07:29:57	1	0	1	0
           527	2024-05-14 07:32:00	1	0	1	0
           627	2024-05-14 07:35:26	1	0	1	0
           605	2024-05-14 07:36:38	1	0	1	0
           118	2024-05-14 07:38:37	1	0	1	0
           472	2024-05-14 07:45:18	1	0	1	0
           471	2024-05-14 07:45:26	1	0	1	0
           551	2024-05-14 07:46:46	1	0	1	0
           602	2024-05-14 07:48:02	1	0	1	0
           473	2024-05-14 07:51:39	1	0	1	0
           241	2024-05-14 07:52:13	1	0	1	0
           181	2024-05-14 07:53:45	1	0	1	0
           142	2024-05-14 07:56:50	1	0	1	0
            80	2024-05-14 07:58:02	1	0	1	0
           180	2024-05-14 08:00:06	1	0	1	0
            57	2024-05-14 08:00:51	1	0	1	0
           379	2024-05-14 08:03:36	1	0	1	0
           369	2024-05-14 08:16:28	1	0	1	0
           145	2024-05-14 08:27:16	1	0	1	0
           332	2024-05-14 08:56:19	1	0	1	0
           401	2024-05-14 09:04:25	1	0	1	0
           385	2024-05-14 11:37:54	1	0	1	0
           473	2024-05-14 12:01:31	1	0	1	0
           602	2024-05-14 12:01:42	1	0	1	0
           605	2024-05-14 12:01:54	1	0	1	0
           471	2024-05-14 12:02:08	1	0	1	0
           142	2024-05-14 12:02:48	1	0	1	0
            58	2024-05-14 12:02:57	1	0	1	0
            80	2024-05-14 12:04:45	1	0	1	0
           551	2024-05-14 12:04:52	1	0	1	0
           118	2024-05-14 12:05:31	1	0	1	0
           187	2024-05-14 12:07:20	1	0	1	0
           379	2024-05-14 12:08:31	1	0	1	0
           627	2024-05-14 12:08:38	1	0	1	0
           241	2024-05-14 12:09:06	1	0	1	0
           180	2024-05-14 12:09:21	1	0	1	0
           527	2024-05-14 12:09:27	1	0	1	0
           181	2024-05-14 12:09:37	1	0	1	0
           185	2024-05-14 12:10:25	1	0	1	0
            91	2024-05-14 12:11:53	1	0	1	0
           385	2024-05-14 12:13:42	1	0	1	0
           473	2024-05-14 12:21:28	1	0	1	0
           118	2024-05-14 12:21:47	1	0	1	0
            58	2024-05-14 12:22:05	1	0	1	0
            80	2024-05-14 12:22:13	1	0	1	0
            48	2024-05-14 12:25:17	1	0	1	0
           369	2024-05-14 12:26:16	1	0	1	0
           187	2024-05-14 12:26:42	1	0	1	0
           471	2024-05-14 12:27:12	1	0	1	0
            57	2024-05-14 12:28:41	1	0	1	0
           627	2024-05-14 12:32:25	1	0	1	0
           379	2024-05-14 12:35:26	1	0	1	0
           241	2024-05-14 12:38:24	1	0	1	0
           602	2024-05-14 12:41:28	1	0	1	0
           605	2024-05-14 12:41:33	1	0	1	0
            48	2024-05-14 12:44:15	1	0	1	0
            91	2024-05-14 12:45:57	1	0	1	0
           369	2024-05-14 12:47:26	1	0	1	0
            57	2024-05-14 12:50:10	1	0	1	0
           527	2024-05-14 12:50:26	1	0	1	0
           180	2024-05-14 12:50:31	1	0	1	0
           181	2024-05-14 12:50:41	1	0	1	0
           185	2024-05-14 12:51:18	1	0	1	0
           142	2024-05-14 12:51:55	1	0	1	0
           472	2024-05-14 13:00:23	1	0	1	0
           145	2024-05-14 13:09:48	1	0	1	0
           401	2024-05-14 13:10:08	1	0	1	0
           332	2024-05-14 13:10:40	1	0	1	0
           472	2024-05-14 13:17:44	1	0	1	0
           145	2024-05-14 13:47:39	1	0	1	0
           401	2024-05-14 13:47:49	1	0	1	0
           332	2024-05-14 13:48:22	1	0	1	0
           379	2024-05-14 17:01:49	1	0	1	0
            48	2024-05-14 17:02:00	1	0	1	0
            58	2024-05-14 17:02:33	1	0	1	0
            57	2024-05-14 17:02:41	1	0	1	0
           241	2024-05-14 17:05:37	1	0	1	0
           473	2024-05-14 17:05:47	1	0	1	0
           627	2024-05-14 17:06:01	1	0	1	0
           180	2024-05-14 17:07:08	1	0	1	0
           187	2024-05-14 17:07:33	1	0	1	0
           369	2024-05-14 17:08:27	1	0	1	0
           602	2024-05-14 17:12:59	1	0	1	0
           605	2024-05-14 17:13:07	1	0	1	0
           142	2024-05-14 17:14:25	1	0	1	0
           185	2024-05-14 17:15:30	1	0	1	0
           181	2024-05-14 17:15:35	1	0	1	0
           527	2024-05-14 17:16:01	1	0	1	0
           118	2024-05-14 17:18:16	1	0	1	0
           471	2024-05-14 17:18:33	1	0	1	0
            80	2024-05-14 17:24:47	1	0	1	0
           385	2024-05-14 17:32:15	1	0	1	0
            91	2024-05-14 17:57:55	1	0	1	0
           472	2024-05-14 18:02:22	1	0	1	0
           332	2024-05-14 18:03:59	1	0	1	0
           401	2024-05-14 18:42:47	1	0	1	0
           145	2024-05-14 18:56:59	1	0	1	0
           527	2024-05-15 05:56:28	1	0	1	0
            58	2024-05-15 06:34:34	1	0	1	0
           142	2024-05-15 07:36:32	1	0	1	0
            48	2024-05-15 07:38:42	1	0	1	0
           473	2024-05-15 07:40:19	1	0	1	0
           118	2024-05-15 07:44:07	1	0	1	0
           369	2024-05-15 07:48:07	1	0	1	0
           602	2024-05-15 07:48:31	1	0	1	0
           551	2024-05-15 07:48:41	1	0	1	0
           471	2024-05-15 07:51:14	1	0	1	0
           472	2024-05-15 07:51:19	1	0	1	0
            80	2024-05-15 07:52:07	1	0	1	0
           605	2024-05-15 07:54:58	1	0	1	0
            57	2024-05-15 07:58:16	1	0	1	0
           145	2024-05-15 08:14:51	1	0	1	0
           332	2024-05-15 08:56:46	1	0	1	0
           401	2024-05-15 08:58:40	1	0	1	0
           187	2024-05-15 12:00:13	1	0	1	0
            48	2024-05-15 12:00:18	1	0	1	0
           369	2024-05-15 12:00:25	1	0	1	0
           471	2024-05-15 12:00:37	1	0	1	0
           602	2024-05-15 12:01:08	1	0	1	0
           473	2024-05-15 12:01:19	1	0	1	0
           605	2024-05-15 12:01:25	1	0	1	0
           142	2024-05-15 12:02:22	1	0	1	0
            57	2024-05-15 12:02:50	1	0	1	0
            58	2024-05-15 12:04:36	1	0	1	0
            80	2024-05-15 12:05:16	1	0	1	0
           551	2024-05-15 12:05:19	1	0	1	0
           118	2024-05-15 12:06:52	1	0	1	0
           369	2024-05-15 12:17:23	1	0	1	0
           187	2024-05-15 12:18:07	1	0	1	0
            48	2024-05-15 12:18:15	1	0	1	0
           551	2024-05-15 12:22:23	1	0	1	0
            80	2024-05-15 12:22:30	1	0	1	0
           473	2024-05-15 12:24:23	1	0	1	0
            58	2024-05-15 12:25:15	1	0	1	0
            57	2024-05-15 12:27:33	1	0	1	0
           471	2024-05-15 12:29:43	1	0	1	0
           118	2024-05-15 12:31:12	1	0	1	0
           605	2024-05-15 12:31:19	1	0	1	0
           602	2024-05-15 12:31:23	1	0	1	0
           142	2024-05-15 12:47:18	1	0	1	0
           332	2024-05-15 13:08:43	1	0	1	0
           145	2024-05-15 13:17:12	1	0	1	0
           401	2024-05-15 13:17:23	1	0	1	0
           472	2024-05-15 13:19:06	1	0	1	0
           332	2024-05-15 13:29:59	1	0	1	0
           145	2024-05-15 13:49:21	1	0	1	0
           401	2024-05-15 13:49:29	1	0	1	0
           472	2024-05-15 13:52:11	1	0	1	0
            57	2024-05-15 17:00:07	1	0	1	0
            48	2024-05-15 17:00:22	1	0	1	0
            58	2024-05-15 17:01:00	1	0	1	0
            80	2024-05-15 17:03:45	1	0	1	0
           551	2024-05-15 17:03:52	1	0	1	0
           602	2024-05-15 17:05:41	1	0	1	0
           605	2024-05-15 17:05:50	1	0	1	0
           369	2024-05-15 17:18:01	1	0	1	0
           142	2024-05-15 17:28:05	1	0	1	0
           118	2024-05-15 17:30:57	1	0	1	0
           471	2024-05-15 17:54:36	1	0	1	0
           472	2024-05-15 18:00:06	1	0	1	0
           473	2024-05-15 18:01:01	1	0	1	0
           145	2024-05-15 18:11:17	1	0	1	0
           401	2024-05-15 18:11:36	1	0	1	0
           332	2024-05-15 18:11:48	1	0	1	0
            58	2024-05-16 06:37:04	1	0	1	0
           118	2024-05-16 07:43:04	1	0	1	0
           551	2024-05-16 07:44:52	1	0	1	0
            48	2024-05-16 07:45:55	1	0	1	0
           605	2024-05-16 07:46:33	1	0	1	0
           473	2024-05-16 07:46:41	1	0	1	0
           602	2024-05-16 07:48:06	1	0	1	0
            57	2024-05-16 07:52:51	1	0	1	0
            80	2024-05-16 07:55:48	1	0	1	0
           142	2024-05-16 07:56:04	1	0	1	0
           472	2024-05-16 08:00:04	1	0	1	0
           471	2024-05-16 08:00:12	1	0	1	0
           369	2024-05-16 08:00:19	1	0	1	0
           145	2024-05-16 08:34:06	1	0	1	0
           332	2024-05-16 08:56:03	1	0	1	0
           401	2024-05-16 09:07:00	1	0	1	0
           144	2024-05-16 09:41:34	1	0	1	0
            57	2024-05-16 12:00:06	1	0	1	0
            58	2024-05-16 12:00:19	1	0	1	0
            48	2024-05-16 12:00:30	1	0	1	0
            80	2024-05-16 12:02:17	1	0	1	0
           551	2024-05-16 12:02:30	1	0	1	0
           473	2024-05-16 12:03:45	1	0	1	0
           605	2024-05-16 12:03:57	1	0	1	0
           471	2024-05-16 12:04:04	1	0	1	0
           602	2024-05-16 12:04:42	1	0	1	0
           142	2024-05-16 12:06:25	1	0	1	0
           369	2024-05-16 12:07:51	1	0	1	0
           471	2024-05-16 12:19:06	1	0	1	0
           551	2024-05-16 12:23:43	1	0	1	0
           473	2024-05-16 12:23:55	1	0	1	0
            80	2024-05-16 12:24:10	1	0	1	0
           605	2024-05-16 12:24:16	1	0	1	0
           369	2024-05-16 12:25:26	1	0	1	0
            58	2024-05-16 12:26:06	1	0	1	0
            48	2024-05-16 12:26:15	1	0	1	0
           602	2024-05-16 12:33:41	1	0	1	0
           142	2024-05-16 12:56:10	1	0	1	0
           332	2024-05-16 13:08:41	1	0	1	0
           145	2024-05-16 13:15:06	1	0	1	0
           401	2024-05-16 13:15:15	1	0	1	0
           144	2024-05-16 13:15:28	1	0	1	0
           472	2024-05-16 13:19:20	1	0	1	0
           332	2024-05-16 13:36:11	1	0	1	0
           472	2024-05-16 13:46:51	1	0	1	0
           145	2024-05-16 13:52:57	1	0	1	0
           401	2024-05-16 13:53:09	1	0	1	0
           144	2024-05-16 13:53:48	1	0	1	0
            48	2024-05-16 17:00:14	1	0	1	0
            58	2024-05-16 17:00:33	1	0	1	0
            80	2024-05-16 17:02:34	1	0	1	0
           551	2024-05-16 17:02:43	1	0	1	0
            57	2024-05-16 17:03:16	1	0	1	0
           142	2024-05-16 17:11:23	1	0	1	0
           369	2024-05-16 17:23:39	1	0	1	0
           602	2024-05-16 17:25:17	1	0	1	0
           118	2024-05-16 17:33:03	1	0	1	0
           605	2024-05-16 17:33:48	1	0	1	0
           473	2024-05-16 17:33:56	1	0	1	0
           471	2024-05-16 17:34:41	1	0	1	0
           472	2024-05-16 18:00:04	1	0	1	0
           145	2024-05-16 18:07:06	1	0	1	0
           401	2024-05-16 18:17:03	1	0	1	0
           332	2024-05-16 18:18:21	1	0	1	0
           144	2024-05-16 18:55:54	1	0	1	0
           473	2024-05-17 06:28:32	1	0	1	0
            58	2024-05-17 06:40:08	1	0	1	0
           602	2024-05-17 06:59:55	1	0	1	0
           605	2024-05-17 07:03:04	1	0	1	0
            48	2024-05-17 07:23:33	1	0	1	0
           118	2024-05-17 07:25:52	1	0	1	0
           142	2024-05-17 07:28:29	1	0	1	0
           551	2024-05-17 07:47:52	1	0	1	0
           187	2024-05-17 07:49:28	1	0	1	0
            57	2024-05-17 07:50:39	1	0	1	0
           471	2024-05-17 07:54:38	1	0	1	0
           472	2024-05-17 07:54:44	1	0	1	0
            80	2024-05-17 07:56:20	1	0	1	0
           401	2024-05-17 08:11:46	1	0	1	0
           145	2024-05-17 08:18:05	1	0	1	0
           369	2024-05-17 08:25:36	1	0	1	0
           332	2024-05-17 08:57:30	1	0	1	0
           144	2024-05-17 10:49:58	1	0	1	0
           471	2024-05-17 12:00:28	1	0	1	0
            80	2024-05-17 12:00:50	1	0	1	0
           551	2024-05-17 12:00:58	1	0	1	0
            57	2024-05-17 12:02:04	1	0	1	0
           187	2024-05-17 12:02:30	1	0	1	0
           142	2024-05-17 12:02:40	1	0	1	0
            48	2024-05-17 12:03:06	1	0	1	0
            58	2024-05-17 12:03:27	1	0	1	0
           118	2024-05-17 12:07:07	1	0	1	0
           471	2024-05-17 12:23:57	1	0	1	0
           551	2024-05-17 12:34:20	1	0	1	0
            57	2024-05-17 12:34:40	1	0	1	0
            58	2024-05-17 12:35:14	1	0	1	0
            48	2024-05-17 12:35:23	1	0	1	0
           187	2024-05-17 12:36:36	1	0	1	0
           118	2024-05-17 12:42:26	1	0	1	0
            80	2024-05-17 12:47:47	1	0	1	0
           142	2024-05-17 13:00:17	1	0	1	0
           332	2024-05-17 13:05:12	1	0	1	0
           472	2024-05-17 13:14:33	1	0	1	0
           145	2024-05-17 13:25:45	1	0	1	0
           332	2024-05-17 13:27:08	1	0	1	0
           144	2024-05-17 13:45:21	1	0	1	0
           142	2024-05-17 17:01:16	1	0	1	0
            57	2024-05-17 17:02:34	1	0	1	0
            58	2024-05-17 17:04:55	1	0	1	0
           551	2024-05-17 17:11:46	1	0	1	0
            80	2024-05-17 17:12:00	1	0	1	0
           118	2024-05-17 17:21:02	1	0	1	0
           602	2024-05-17 17:21:20	1	0	1	0
           605	2024-05-17 17:21:29	1	0	1	0
           473	2024-05-17 17:21:47	1	0	1	0
           332	2024-05-17 18:00:11	1	0	1	0
           145	2024-05-17 18:05:00	1	0	1	0
            48	2024-05-17 18:40:50	1	0	1	0
           187	2024-05-17 19:33:44	1	0	1	0
           401	2024-05-17 19:33:53	1	0	1	0
           144	2024-05-17 19:54:40	1	0	1	0
           369	2024-05-17 21:11:04	1	0	1	0
           473	2024-05-19 06:23:55	1	0	1	0
           473	2024-05-19 12:15:17	1	0	1	0
           473	2024-05-19 12:38:49	1	0	1	0
           385	2024-05-20 04:34:27	1	0	1	0
            58	2024-05-20 06:28:06	1	0	1	0
           473	2024-05-20 06:56:48	1	0	1	0
           180	2024-05-20 06:57:34	1	0	1	0
           602	2024-05-20 07:04:12	1	0	1	0
           241	2024-05-20 07:10:22	1	0	1	0
           627	2024-05-20 07:18:58	1	0	1	0
           401	2024-05-20 07:29:49	1	0	1	0
           379	2024-05-20 07:30:40	1	0	1	0
           551	2024-05-20 07:32:33	1	0	1	0
            91	2024-05-20 07:35:20	1	0	1	0
           185	2024-05-20 07:36:30	1	0	1	0
           527	2024-05-20 07:45:53	1	0	1	0
            48	2024-05-20 07:48:12	1	0	1	0
           142	2024-05-20 07:50:44	1	0	1	0
           605	2024-05-20 07:50:48	1	0	1	0
           181	2024-05-20 07:57:38	1	0	1	0
            57	2024-05-20 07:59:35	1	0	1	0
            80	2024-05-20 08:00:14	1	0	1	0
           145	2024-05-20 08:10:19	1	0	1	0
           472	2024-05-20 08:14:42	1	0	1	0
           369	2024-05-20 08:22:28	1	0	1	0
           332	2024-05-20 08:52:50	1	0	1	0
           144	2024-05-20 09:21:26	1	0	1	0
           385	2024-05-20 11:43:54	1	0	1	0
           142	2024-05-20 12:01:05	1	0	1	0
            48	2024-05-20 12:01:25	1	0	1	0
            58	2024-05-20 12:01:53	1	0	1	0
            80	2024-05-20 12:04:27	1	0	1	0
           602	2024-05-20 12:04:59	1	0	1	0
           605	2024-05-20 12:05:06	1	0	1	0
           551	2024-05-20 12:05:32	1	0	1	0
           473	2024-05-20 12:06:03	1	0	1	0
           369	2024-05-20 12:08:11	1	0	1	0
           379	2024-05-20 12:11:47	1	0	1	0
            48	2024-05-20 12:16:38	1	0	1	0
            58	2024-05-20 12:17:16	1	0	1	0
           627	2024-05-20 12:19:25	1	0	1	0
           118	2024-05-20 12:21:42	1	0	1	0
           471	2024-05-20 12:21:45	1	0	1	0
           473	2024-05-20 12:21:53	1	0	1	0
           605	2024-05-20 12:23:23	1	0	1	0
            91	2024-05-20 12:25:01	1	0	1	0
           241	2024-05-20 12:27:27	1	0	1	0
           527	2024-05-20 12:30:00	1	0	1	0
           185	2024-05-20 12:30:18	1	0	1	0
           385	2024-05-20 12:31:34	1	0	1	0
           181	2024-05-20 12:31:39	1	0	1	0
           180	2024-05-20 12:33:11	1	0	1	0
            80	2024-05-20 12:33:55	1	0	1	0
           369	2024-05-20 12:34:03	1	0	1	0
           551	2024-05-20 12:34:09	1	0	1	0
           118	2024-05-20 12:36:48	1	0	1	0
           627	2024-05-20 12:38:48	1	0	1	0
           471	2024-05-20 12:39:03	1	0	1	0
            57	2024-05-20 12:43:22	1	0	1	0
           379	2024-05-20 12:44:37	1	0	1	0
           527	2024-05-20 12:45:03	1	0	1	0
            91	2024-05-20 12:45:31	1	0	1	0
           185	2024-05-20 12:46:12	1	0	1	0
           602	2024-05-20 12:49:03	1	0	1	0
           180	2024-05-20 12:51:16	1	0	1	0
           241	2024-05-20 12:51:22	1	0	1	0
           142	2024-05-20 12:52:11	1	0	1	0
            57	2024-05-20 12:58:38	1	0	1	0
           472	2024-05-20 13:00:10	1	0	1	0
           145	2024-05-20 13:09:30	1	0	1	0
           332	2024-05-20 13:10:04	1	0	1	0
           144	2024-05-20 13:14:57	1	0	1	0
           145	2024-05-20 13:32:19	1	0	1	0
           401	2024-05-20 13:32:30	1	0	1	0
           332	2024-05-20 13:37:15	1	0	1	0
           144	2024-05-20 13:41:13	1	0	1	0
            57	2024-05-20 17:00:08	1	0	1	0
            58	2024-05-20 17:00:31	1	0	1	0
            48	2024-05-20 17:00:41	1	0	1	0
           551	2024-05-20 17:03:10	1	0	1	0
            80	2024-05-20 17:03:21	1	0	1	0
           241	2024-05-20 17:03:36	1	0	1	0
           385	2024-05-20 17:03:50	1	0	1	0
           379	2024-05-20 17:05:49	1	0	1	0
           185	2024-05-20 17:07:37	1	0	1	0
           181	2024-05-20 17:07:49	1	0	1	0
           369	2024-05-20 17:07:55	1	0	1	0
           527	2024-05-20 17:13:52	1	0	1	0
           180	2024-05-20 17:16:39	1	0	1	0
            91	2024-05-20 17:22:54	1	0	1	0
           627	2024-05-20 17:53:44	1	0	1	0
           385	2024-05-20 17:53:51	1	0	1	0
           142	2024-05-20 17:53:59	1	0	1	0
           605	2024-05-20 18:00:59	1	0	1	0
           602	2024-05-20 18:01:18	1	0	1	0
           473	2024-05-20 18:01:24	1	0	1	0
           471	2024-05-20 18:01:32	1	0	1	0
           118	2024-05-20 18:02:00	1	0	1	0
           332	2024-05-20 18:03:45	1	0	1	0
           145	2024-05-20 18:11:46	1	0	1	0
           472	2024-05-20 18:15:52	1	0	1	0
           144	2024-05-20 18:16:26	1	0	1	0
           401	2024-05-20 18:30:17	1	0	1	0
           385	2024-05-21 05:53:25	1	0	1	0
            58	2024-05-21 06:38:11	1	0	1	0
           185	2024-05-21 07:05:00	1	0	1	0
           473	2024-05-21 07:05:09	1	0	1	0
            91	2024-05-21 07:05:23	1	0	1	0
           527	2024-05-21 07:25:46	1	0	1	0
           187	2024-05-21 07:26:21	1	0	1	0
            48	2024-05-21 07:30:04	1	0	1	0
           379	2024-05-21 07:32:05	1	0	1	0
           602	2024-05-21 07:42:22	1	0	1	0
           627	2024-05-21 07:43:08	1	0	1	0
           142	2024-05-21 07:47:16	1	0	1	0
           551	2024-05-21 07:48:19	1	0	1	0
           118	2024-05-21 07:48:32	1	0	1	0
            57	2024-05-21 07:51:52	1	0	1	0
           181	2024-05-21 07:52:05	1	0	1	0
           605	2024-05-21 07:53:24	1	0	1	0
            80	2024-05-21 07:58:22	1	0	1	0
           471	2024-05-21 08:02:20	1	0	1	0
           472	2024-05-21 08:02:30	1	0	1	0
           241	2024-05-21 08:04:06	1	0	1	0
           180	2024-05-21 08:10:20	1	0	1	0
           369	2024-05-21 08:28:06	1	0	1	0
           401	2024-05-21 08:54:06	1	0	1	0
           145	2024-05-21 08:54:36	1	0	1	0
           144	2024-05-21 09:07:41	1	0	1	0
           332	2024-05-21 11:14:04	1	0	1	0
           385	2024-05-21 11:44:48	1	0	1	0
            57	2024-05-21 12:01:04	1	0	1	0
           551	2024-05-21 12:02:07	1	0	1	0
            48	2024-05-21 12:02:35	1	0	1	0
            91	2024-05-21 12:02:55	1	0	1	0
           627	2024-05-21 12:03:07	1	0	1	0
           142	2024-05-21 12:03:18	1	0	1	0
           180	2024-05-21 12:03:30	1	0	1	0
            58	2024-05-21 12:03:42	1	0	1	0
           379	2024-05-21 12:03:53	1	0	1	0
           185	2024-05-21 12:05:08	1	0	1	0
           187	2024-05-21 12:09:39	1	0	1	0
           369	2024-05-21 12:12:26	1	0	1	0
           181	2024-05-21 12:12:31	1	0	1	0
           527	2024-05-21 12:12:42	1	0	1	0
            48	2024-05-21 12:18:04	1	0	1	0
           180	2024-05-21 12:19:09	1	0	1	0
            91	2024-05-21 12:19:26	1	0	1	0
            58	2024-05-21 12:22:09	1	0	1	0
           185	2024-05-21 12:22:22	1	0	1	0
           241	2024-05-21 12:22:28	1	0	1	0
           379	2024-05-21 12:22:41	1	0	1	0
           627	2024-05-21 12:26:22	1	0	1	0
           385	2024-05-21 12:26:27	1	0	1	0
           605	2024-05-21 12:26:33	1	0	1	0
           602	2024-05-21 12:26:40	1	0	1	0
           118	2024-05-21 12:28:00	1	0	1	0
           471	2024-05-21 12:28:05	1	0	1	0
           473	2024-05-21 12:30:23	1	0	1	0
            80	2024-05-21 12:31:00	1	0	1	0
            57	2024-05-21 12:35:13	1	0	1	0
           181	2024-05-21 12:43:29	1	0	1	0
           551	2024-05-21 12:44:05	1	0	1	0
            80	2024-05-21 12:48:20	1	0	1	0
           241	2024-05-21 12:48:49	1	0	1	0
           187	2024-05-21 12:49:07	1	0	1	0
           527	2024-05-21 12:55:16	1	0	1	0
           473	2024-05-21 12:55:30	1	0	1	0
           118	2024-05-21 12:55:37	1	0	1	0
           602	2024-05-21 12:55:49	1	0	1	0
           605	2024-05-21 12:55:55	1	0	1	0
           142	2024-05-21 12:56:04	1	0	1	0
           471	2024-05-21 12:57:13	1	0	1	0
           369	2024-05-21 12:58:15	1	0	1	0
           332	2024-05-21 13:00:06	1	0	1	0
           144	2024-05-21 13:04:41	1	0	1	0
           145	2024-05-21 13:17:18	1	0	1	0
           401	2024-05-21 13:17:31	1	0	1	0
           332	2024-05-21 13:24:23	1	0	1	0
           144	2024-05-21 13:54:28	1	0	1	0
           401	2024-05-21 13:54:48	1	0	1	0
            57	2024-05-21 17:00:05	1	0	1	0
           187	2024-05-21 17:00:27	1	0	1	0
            58	2024-05-21 17:00:52	1	0	1	0
            48	2024-05-21 17:00:59	1	0	1	0
            91	2024-05-21 17:01:06	1	0	1	0
           181	2024-05-21 17:01:55	1	0	1	0
           527	2024-05-21 17:02:07	1	0	1	0
           185	2024-05-21 17:02:47	1	0	1	0
           369	2024-05-21 17:03:38	1	0	1	0
           379	2024-05-21 17:03:47	1	0	1	0
           551	2024-05-21 17:05:30	1	0	1	0
           180	2024-05-21 17:07:06	1	0	1	0
            80	2024-05-21 17:12:13	1	0	1	0
           142	2024-05-21 17:22:27	1	0	1	0
           118	2024-05-21 17:23:36	1	0	1	0
           241	2024-05-21 17:41:56	1	0	1	0
           473	2024-05-21 17:51:23	1	0	1	0
           605	2024-05-21 17:51:41	1	0	1	0
           471	2024-05-21 18:00:21	1	0	1	0
           144	2024-05-21 18:01:20	1	0	1	0
           472	2024-05-21 18:01:47	1	0	1	0
           401	2024-05-21 18:02:25	1	0	1	0
           145	2024-05-21 18:03:03	1	0	1	0
           627	2024-05-21 18:50:47	1	0	1	0
           385	2024-05-21 18:50:55	1	0	1	0
           332	2024-05-21 20:06:24	1	0	1	0
           385	2024-05-22 05:52:18	1	0	1	0
           551	2024-05-22 06:16:14	1	0	1	0
            58	2024-05-22 06:32:51	1	0	1	0
           527	2024-05-22 07:29:54	1	0	1	0
           379	2024-05-22 07:34:00	1	0	1	0
           118	2024-05-22 07:34:42	1	0	1	0
           142	2024-05-22 07:35:20	1	0	1	0
           605	2024-05-22 07:37:06	1	0	1	0
           602	2024-05-22 07:37:56	1	0	1	0
            48	2024-05-22 07:38:09	1	0	1	0
           180	2024-05-22 07:47:11	1	0	1	0
           627	2024-05-22 07:47:18	1	0	1	0
           473	2024-05-22 07:50:26	1	0	1	0
           187	2024-05-22 07:55:17	1	0	1	0
           471	2024-05-22 07:58:04	1	0	1	0
            80	2024-05-22 07:58:24	1	0	1	0
           185	2024-05-22 07:59:09	1	0	1	0
            91	2024-05-22 07:59:17	1	0	1	0
           401	2024-05-22 07:59:28	1	0	1	0
            57	2024-05-22 08:00:46	1	0	1	0
           181	2024-05-22 08:01:17	1	0	1	0
           241	2024-05-22 08:02:37	1	0	1	0
           472	2024-05-22 08:21:48	1	0	1	0
           145	2024-05-22 08:42:19	1	0	1	0
           144	2024-05-22 09:15:38	1	0	1	0
           332	2024-05-22 11:41:32	1	0	1	0
           385	2024-05-22 11:45:18	1	0	1	0
           471	2024-05-22 12:00:20	1	0	1	0
           473	2024-05-22 12:00:29	1	0	1	0
           379	2024-05-22 12:00:53	1	0	1	0
           181	2024-05-22 12:01:14	1	0	1	0
           185	2024-05-22 12:01:24	1	0	1	0
            58	2024-05-22 12:02:05	1	0	1	0
           142	2024-05-22 12:02:18	1	0	1	0
           551	2024-05-22 12:02:39	1	0	1	0
            80	2024-05-22 12:03:02	1	0	1	0
           605	2024-05-22 12:03:16	1	0	1	0
           602	2024-05-22 12:03:21	1	0	1	0
           385	2024-05-22 12:04:40	1	0	1	0
           241	2024-05-22 12:05:25	1	0	1	0
            57	2024-05-22 12:10:10	1	0	1	0
           180	2024-05-22 12:10:22	1	0	1	0
            91	2024-05-22 12:15:13	1	0	1	0
           627	2024-05-22 12:16:39	1	0	1	0
           369	2024-05-22 12:18:18	1	0	1	0
            80	2024-05-22 12:22:52	1	0	1	0
           551	2024-05-22 12:23:03	1	0	1	0
            58	2024-05-22 12:24:34	1	0	1	0
           602	2024-05-22 12:25:25	1	0	1	0
           605	2024-05-22 12:25:31	1	0	1	0
            57	2024-05-22 12:27:26	1	0	1	0
           471	2024-05-22 12:31:09	1	0	1	0
           142	2024-05-22 12:34:30	1	0	1	0
           473	2024-05-22 12:36:17	1	0	1	0
           527	2024-05-22 12:39:12	1	0	1	0
           627	2024-05-22 12:46:08	1	0	1	0
           185	2024-05-22 12:46:16	1	0	1	0
            91	2024-05-22 12:46:30	1	0	1	0
           241	2024-05-22 12:47:56	1	0	1	0
           180	2024-05-22 12:48:07	1	0	1	0
           181	2024-05-22 12:48:12	1	0	1	0
           379	2024-05-22 12:56:29	1	0	1	0
           527	2024-05-22 12:56:41	1	0	1	0
           145	2024-05-22 13:13:48	1	0	1	0
           332	2024-05-22 13:14:46	1	0	1	0
           144	2024-05-22 13:15:00	1	0	1	0
           472	2024-05-22 13:19:07	1	0	1	0
           144	2024-05-22 13:31:18	1	0	1	0
           332	2024-05-22 13:36:53	1	0	1	0
            57	2024-05-22 17:00:03	1	0	1	0
           241	2024-05-22 17:00:07	1	0	1	0
            48	2024-05-22 17:00:29	1	0	1	0
            58	2024-05-22 17:01:10	1	0	1	0
            80	2024-05-22 17:02:40	1	0	1	0
           551	2024-05-22 17:02:59	1	0	1	0
           185	2024-05-22 17:04:50	1	0	1	0
           181	2024-05-22 17:04:55	1	0	1	0
           369	2024-05-22 17:05:05	1	0	1	0
           379	2024-05-22 17:06:52	1	0	1	0
           187	2024-05-22 17:07:06	1	0	1	0
           180	2024-05-22 17:08:04	1	0	1	0
           527	2024-05-22 17:11:00	1	0	1	0
            91	2024-05-22 17:18:13	1	0	1	0
           602	2024-05-22 17:21:45	1	0	1	0
           605	2024-05-22 17:25:32	1	0	1	0
           118	2024-05-22 17:26:42	1	0	1	0
           473	2024-05-22 17:26:51	1	0	1	0
           385	2024-05-22 17:31:09	1	0	1	0
           471	2024-05-22 17:36:36	1	0	1	0
           472	2024-05-22 18:00:04	1	0	1	0
           144	2024-05-22 18:01:05	1	0	1	0
           142	2024-05-22 18:02:41	1	0	1	0
           145	2024-05-22 18:04:44	1	0	1	0
           332	2024-05-22 18:04:52	1	0	1	0
           401	2024-05-22 18:05:11	1	0	1	0
           385	2024-05-23 05:48:57	1	0	1	0
            58	2024-05-23 06:27:01	1	0	1	0
           527	2024-05-23 07:02:51	1	0	1	0
           473	2024-05-23 07:33:06	1	0	1	0
           187	2024-05-23 07:35:59	1	0	1	0
           627	2024-05-23 07:36:10	1	0	1	0
           118	2024-05-23 07:36:17	1	0	1	0
           142	2024-05-23 07:37:20	1	0	1	0
           379	2024-05-23 07:38:30	1	0	1	0
           605	2024-05-23 07:39:42	1	0	1	0
           602	2024-05-23 07:45:47	1	0	1	0
           551	2024-05-23 07:50:13	1	0	1	0
           185	2024-05-23 07:56:14	1	0	1	0
            91	2024-05-23 07:56:48	1	0	1	0
           472	2024-05-23 07:57:33	1	0	1	0
           471	2024-05-23 07:57:38	1	0	1	0
            48	2024-05-23 07:58:14	1	0	1	0
           241	2024-05-23 07:58:26	1	0	1	0
            80	2024-05-23 07:59:50	1	0	1	0
            57	2024-05-23 08:07:13	1	0	1	0
           369	2024-05-23 08:13:31	1	0	1	0
           181	2024-05-23 08:20:51	1	0	1	0
           145	2024-05-23 08:35:38	1	0	1	0
           401	2024-05-23 08:56:34	1	0	1	0
           144	2024-05-23 09:28:13	1	0	1	0
           332	2024-05-23 11:51:48	1	0	1	0
            57	2024-05-23 12:00:07	1	0	1	0
           379	2024-05-23 12:02:19	1	0	1	0
           181	2024-05-23 12:02:57	1	0	1	0
            80	2024-05-23 12:03:32	1	0	1	0
           551	2024-05-23 12:03:38	1	0	1	0
           241	2024-05-23 12:03:49	1	0	1	0
           473	2024-05-23 12:04:16	1	0	1	0
            58	2024-05-23 12:04:55	1	0	1	0
           142	2024-05-23 12:05:29	1	0	1	0
           471	2024-05-23 12:06:47	1	0	1	0
           185	2024-05-23 12:07:08	1	0	1	0
           527	2024-05-23 12:07:16	1	0	1	0
           369	2024-05-23 12:10:38	1	0	1	0
            91	2024-05-23 12:12:17	1	0	1	0
           118	2024-05-23 12:13:31	1	0	1	0
           605	2024-05-23 12:13:38	1	0	1	0
           602	2024-05-23 12:13:43	1	0	1	0
           627	2024-05-23 12:17:37	1	0	1	0
           385	2024-05-23 12:17:44	1	0	1	0
           181	2024-05-23 12:18:05	1	0	1	0
            80	2024-05-23 12:18:59	1	0	1	0
           551	2024-05-23 12:19:15	1	0	1	0
            57	2024-05-23 12:19:50	1	0	1	0
           379	2024-05-23 12:20:35	1	0	1	0
            58	2024-05-23 12:22:30	1	0	1	0
           527	2024-05-23 12:25:54	1	0	1	0
           369	2024-05-23 12:26:06	1	0	1	0
            48	2024-05-23 12:29:44	1	0	1	0
           602	2024-05-23 12:33:27	1	0	1	0
           605	2024-05-23 12:33:32	1	0	1	0
           118	2024-05-23 12:34:56	1	0	1	0
            91	2024-05-23 12:37:08	1	0	1	0
           241	2024-05-23 12:37:14	1	0	1	0
           627	2024-05-23 12:39:07	1	0	1	0
           385	2024-05-23 12:39:14	1	0	1	0
           142	2024-05-23 12:50:35	1	0	1	0
           473	2024-05-23 12:52:36	1	0	1	0
            48	2024-05-23 12:53:38	1	0	1	0
           472	2024-05-23 13:00:54	1	0	1	0
           332	2024-05-23 13:01:18	1	0	1	0
           145	2024-05-23 13:14:53	1	0	1	0
           401	2024-05-23 13:15:02	1	0	1	0
           144	2024-05-23 13:17:13	1	0	1	0
           332	2024-05-23 13:29:12	1	0	1	0
           472	2024-05-23 13:38:35	1	0	1	0
           145	2024-05-23 13:43:53	1	0	1	0
           401	2024-05-23 13:44:10	1	0	1	0
           144	2024-05-23 13:54:02	1	0	1	0
            57	2024-05-23 17:00:10	1	0	1	0
           551	2024-05-23 17:00:18	1	0	1	0
           181	2024-05-23 17:01:04	1	0	1	0
           369	2024-05-23 17:01:21	1	0	1	0
           379	2024-05-23 17:02:16	1	0	1	0
            58	2024-05-23 17:02:47	1	0	1	0
           187	2024-05-23 17:02:57	1	0	1	0
            48	2024-05-23 17:03:06	1	0	1	0
           471	2024-05-23 17:03:20	1	0	1	0
           241	2024-05-23 17:03:51	1	0	1	0
           185	2024-05-23 17:04:01	1	0	1	0
            91	2024-05-23 17:04:52	1	0	1	0
           527	2024-05-23 17:05:20	1	0	1	0
           602	2024-05-23 17:06:44	1	0	1	0
           473	2024-05-23 17:18:19	1	0	1	0
           605	2024-05-23 17:18:25	1	0	1	0
           118	2024-05-23 17:25:12	1	0	1	0
           142	2024-05-23 17:59:09	1	0	1	0
           472	2024-05-23 18:01:46	1	0	1	0
           332	2024-05-23 18:03:23	1	0	1	0
           145	2024-05-23 18:07:47	1	0	1	0
           144	2024-05-23 18:11:47	1	0	1	0
           401	2024-05-23 18:18:15	1	0	1	0
            80	2024-05-23 19:08:15	1	0	1	0
           627	2024-05-23 19:22:43	1	0	1	0
           385	2024-05-23 19:22:55	1	0	1	0
           627	2024-05-24 05:06:19	1	0	1	0
           385	2024-05-24 05:55:15	1	0	1	0
            58	2024-05-24 06:27:34	1	0	1	0
           241	2024-05-24 07:14:44	1	0	1	0
           527	2024-05-24 07:24:37	1	0	1	0
           473	2024-05-24 07:33:21	1	0	1	0
           602	2024-05-24 07:37:18	1	0	1	0
           118	2024-05-24 07:39:40	1	0	1	0
           181	2024-05-24 07:41:33	1	0	1	0
           551	2024-05-24 07:47:04	1	0	1	0
           379	2024-05-24 07:51:31	1	0	1	0
            48	2024-05-24 07:54:24	1	0	1	0
           142	2024-05-24 07:56:30	1	0	1	0
            57	2024-05-24 07:58:47	1	0	1	0
           369	2024-05-24 08:01:30	1	0	1	0
            80	2024-05-24 08:01:45	1	0	1	0
           605	2024-05-24 08:01:49	1	0	1	0
           471	2024-05-24 08:03:37	1	0	1	0
           472	2024-05-24 08:03:41	1	0	1	0
           185	2024-05-24 08:06:31	1	0	1	0
            91	2024-05-24 08:07:18	1	0	1	0
           145	2024-05-24 08:45:07	1	0	1	0
           401	2024-05-24 09:12:50	1	0	1	0
           332	2024-05-24 09:16:32	1	0	1	0
           144	2024-05-24 09:21:38	1	0	1	0
           385	2024-05-24 11:43:21	1	0	1	0
           527	2024-05-24 12:00:11	1	0	1	0
           471	2024-05-24 12:00:54	1	0	1	0
           473	2024-05-24 12:01:17	1	0	1	0
           602	2024-05-24 12:01:37	1	0	1	0
            48	2024-05-24 12:03:03	1	0	1	0
            58	2024-05-24 12:03:11	1	0	1	0
           142	2024-05-24 12:03:21	1	0	1	0
           627	2024-05-24 12:03:41	1	0	1	0
           385	2024-05-24 12:03:47	1	0	1	0
           181	2024-05-24 12:03:55	1	0	1	0
            80	2024-05-24 12:04:07	1	0	1	0
           551	2024-05-24 12:04:26	1	0	1	0
           185	2024-05-24 12:04:50	1	0	1	0
           605	2024-05-24 12:04:55	1	0	1	0
           118	2024-05-24 12:05:05	1	0	1	0
           241	2024-05-24 12:08:15	1	0	1	0
           379	2024-05-24 12:12:17	1	0	1	0
           527	2024-05-24 12:16:56	1	0	1	0
           142	2024-05-24 12:18:29	1	0	1	0
            48	2024-05-24 12:18:37	1	0	1	0
            58	2024-05-24 12:19:10	1	0	1	0
           471	2024-05-24 12:20:04	1	0	1	0
           551	2024-05-24 12:20:16	1	0	1	0
            80	2024-05-24 12:20:46	1	0	1	0
           605	2024-05-24 12:21:48	1	0	1	0
            91	2024-05-24 12:24:44	1	0	1	0
            57	2024-05-24 12:26:27	1	0	1	0
           118	2024-05-24 12:35:50	1	0	1	0
           181	2024-05-24 12:40:05	1	0	1	0
           185	2024-05-24 12:40:08	1	0	1	0
           241	2024-05-24 12:40:21	1	0	1	0
           627	2024-05-24 12:41:18	1	0	1	0
            57	2024-05-24 12:42:07	1	0	1	0
           473	2024-05-24 12:42:38	1	0	1	0
           602	2024-05-24 12:42:48	1	0	1	0
            91	2024-05-24 12:51:47	1	0	1	0
           379	2024-05-24 12:56:38	1	0	1	0
           472	2024-05-24 13:11:56	1	0	1	0
           332	2024-05-24 13:23:21	1	0	1	0
           145	2024-05-24 13:30:29	1	0	1	0
           401	2024-05-24 13:30:37	1	0	1	0
           144	2024-05-24 13:31:06	1	0	1	0
           472	2024-05-24 13:37:15	1	0	1	0
           332	2024-05-24 13:40:17	1	0	1	0
           144	2024-05-24 13:54:15	1	0	1	0
           145	2024-05-24 13:55:44	1	0	1	0
           401	2024-05-24 13:55:55	1	0	1	0
            57	2024-05-24 17:00:05	1	0	1	0
           551	2024-05-24 17:00:13	1	0	1	0
            48	2024-05-24 17:01:08	1	0	1	0
            58	2024-05-24 17:01:17	1	0	1	0
           369	2024-05-24 17:02:59	1	0	1	0
           473	2024-05-24 17:09:27	1	0	1	0
           605	2024-05-24 17:09:38	1	0	1	0
           142	2024-05-24 17:12:25	1	0	1	0
           602	2024-05-24 17:20:44	1	0	1	0
           118	2024-05-24 17:26:05	1	0	1	0
           379	2024-05-24 17:30:55	1	0	1	0
           181	2024-05-24 17:39:43	1	0	1	0
           241	2024-05-24 17:43:07	1	0	1	0
           471	2024-05-24 17:57:08	1	0	1	0
           472	2024-05-24 18:00:07	1	0	1	0
           144	2024-05-24 18:02:27	1	0	1	0
           145	2024-05-24 18:12:08	1	0	1	0
           401	2024-05-24 18:13:07	1	0	1	0
           527	2024-05-24 18:14:15	1	0	1	0
            91	2024-05-24 18:16:31	1	0	1	0
           185	2024-05-24 18:17:16	1	0	1	0
           627	2024-05-24 18:17:23	1	0	1	0
           385	2024-05-24 18:20:00	1	0	1	0
           332	2024-05-24 18:30:05	1	0	1	0
            80	2024-05-24 18:32:19	1	0	1	0
           385	2024-05-27 05:48:47	1	0	1	0
            58	2024-05-27 06:42:57	1	0	1	0
           602	2024-05-27 06:57:54	1	0	1	0
           527	2024-05-27 07:23:09	1	0	1	0
           379	2024-05-27 07:27:28	1	0	1	0
            48	2024-05-27 07:31:01	1	0	1	0
           118	2024-05-27 07:40:44	1	0	1	0
           473	2024-05-27 07:41:14	1	0	1	0
           187	2024-05-27 07:41:40	1	0	1	0
           605	2024-05-27 07:45:15	1	0	1	0
           142	2024-05-27 07:46:00	1	0	1	0
           551	2024-05-27 07:46:32	1	0	1	0
           185	2024-05-27 07:50:00	1	0	1	0
            91	2024-05-27 07:51:06	1	0	1	0
           180	2024-05-27 07:53:10	1	0	1	0
           627	2024-05-27 07:55:23	1	0	1	0
           241	2024-05-27 07:58:05	1	0	1	0
            80	2024-05-27 08:01:25	1	0	1	0
           471	2024-05-27 08:04:26	1	0	1	0
           472	2024-05-27 08:04:33	1	0	1	0
           401	2024-05-27 08:34:43	1	0	1	0
           145	2024-05-27 08:36:25	1	0	1	0
           144	2024-05-27 10:08:52	1	0	1	0
           332	2024-05-27 11:08:26	1	0	1	0
           385	2024-05-27 11:58:55	1	0	1	0
           241	2024-05-27 12:00:24	1	0	1	0
           379	2024-05-27 12:01:10	1	0	1	0
           527	2024-05-27 12:02:20	1	0	1	0
            80	2024-05-27 12:02:32	1	0	1	0
           551	2024-05-27 12:02:38	1	0	1	0
           369	2024-05-27 12:02:57	1	0	1	0
           473	2024-05-27 12:03:09	1	0	1	0
           142	2024-05-27 12:03:15	1	0	1	0
           185	2024-05-27 12:03:34	1	0	1	0
            58	2024-05-27 12:03:43	1	0	1	0
           627	2024-05-27 12:03:50	1	0	1	0
            48	2024-05-27 12:03:56	1	0	1	0
           187	2024-05-27 12:04:03	1	0	1	0
            57	2024-05-27 12:04:14	1	0	1	0
            91	2024-05-27 12:04:57	1	0	1	0
           605	2024-05-27 12:06:13	1	0	1	0
           180	2024-05-27 12:06:38	1	0	1	0
           471	2024-05-27 12:07:36	1	0	1	0
           118	2024-05-27 12:14:56	1	0	1	0
           602	2024-05-27 12:15:32	1	0	1	0
           187	2024-05-27 12:20:56	1	0	1	0
            48	2024-05-27 12:21:05	1	0	1	0
           369	2024-05-27 12:21:15	1	0	1	0
            58	2024-05-27 12:22:09	1	0	1	0
            91	2024-05-27 12:22:15	1	0	1	0
           471	2024-05-27 12:24:07	1	0	1	0
           605	2024-05-27 12:27:09	1	0	1	0
           185	2024-05-27 12:29:45	1	0	1	0
           118	2024-05-27 12:32:41	1	0	1	0
            57	2024-05-27 12:35:18	1	0	1	0
           241	2024-05-27 12:35:26	1	0	1	0
            80	2024-05-27 12:38:09	1	0	1	0
           551	2024-05-27 12:38:20	1	0	1	0
           602	2024-05-27 12:41:01	1	0	1	0
           473	2024-05-27 12:41:07	1	0	1	0
           142	2024-05-27 12:49:05	1	0	1	0
           627	2024-05-27 12:50:02	1	0	1	0
           180	2024-05-27 12:50:09	1	0	1	0
           527	2024-05-27 12:51:10	1	0	1	0
           379	2024-05-27 12:57:46	1	0	1	0
           332	2024-05-27 13:10:32	1	0	1	0
           472	2024-05-27 13:11:29	1	0	1	0
           145	2024-05-27 13:30:46	1	0	1	0
           401	2024-05-27 13:31:02	1	0	1	0
           332	2024-05-27 13:32:32	1	0	1	0
           472	2024-05-27 13:41:00	1	0	1	0
            57	2024-05-27 17:00:04	1	0	1	0
           551	2024-05-27 17:00:31	1	0	1	0
            48	2024-05-27 17:01:47	1	0	1	0
            58	2024-05-27 17:02:18	1	0	1	0
            80	2024-05-27 17:02:29	1	0	1	0
           142	2024-05-27 17:02:36	1	0	1	0
           369	2024-05-27 17:02:44	1	0	1	0
           187	2024-05-27 17:04:34	1	0	1	0
           379	2024-05-27 17:07:15	1	0	1	0
           527	2024-05-27 17:07:47	1	0	1	0
            91	2024-05-27 17:10:42	1	0	1	0
           185	2024-05-27 17:11:00	1	0	1	0
           241	2024-05-27 17:11:10	1	0	1	0
           180	2024-05-27 17:14:56	1	0	1	0
           602	2024-05-27 17:25:04	1	0	1	0
           473	2024-05-27 17:40:12	1	0	1	0
           118	2024-05-27 17:40:14	1	0	1	0
           605	2024-05-27 17:40:26	1	0	1	0
           471	2024-05-27 17:54:41	1	0	1	0
           472	2024-05-27 18:01:40	1	0	1	0
           145	2024-05-27 18:10:55	1	0	1	0
           401	2024-05-27 18:11:08	1	0	1	0
           144	2024-05-27 18:11:24	1	0	1	0
           332	2024-05-27 18:19:18	1	0	1	0
           627	2024-05-27 18:40:42	1	0	1	0
           385	2024-05-27 18:40:48	1	0	1	0
           385	2024-05-28 06:01:41	1	0	1	0
            58	2024-05-28 06:37:55	1	0	1	0
           379	2024-05-28 07:33:54	1	0	1	0
           627	2024-05-28 07:34:25	1	0	1	0
           551	2024-05-28 07:46:25	1	0	1	0
           605	2024-05-28 07:47:03	1	0	1	0
           527	2024-05-28 07:47:15	1	0	1	0
           473	2024-05-28 07:47:25	1	0	1	0
           181	2024-05-28 07:48:14	1	0	1	0
           118	2024-05-28 07:50:52	1	0	1	0
           180	2024-05-28 07:51:31	1	0	1	0
            48	2024-05-28 07:56:48	1	0	1	0
           471	2024-05-28 07:58:53	1	0	1	0
           472	2024-05-28 07:58:59	1	0	1	0
           241	2024-05-28 08:00:18	1	0	1	0
            80	2024-05-28 08:00:44	1	0	1	0
            57	2024-05-28 08:01:41	1	0	1	0
           142	2024-05-28 08:07:06	1	0	1	0
           185	2024-05-28 08:07:28	1	0	1	0
            91	2024-05-28 08:07:44	1	0	1	0
           369	2024-05-28 08:10:52	1	0	1	0
           145	2024-05-28 08:29:05	1	0	1	0
           332	2024-05-28 09:01:57	1	0	1	0
           401	2024-05-28 09:03:22	1	0	1	0
           144	2024-05-28 09:48:01	1	0	1	0
            57	2024-05-28 12:00:33	1	0	1	0
           471	2024-05-28 12:00:41	1	0	1	0
           605	2024-05-28 12:00:48	1	0	1	0
           142	2024-05-28 12:01:08	1	0	1	0
           369	2024-05-28 12:02:02	1	0	1	0
            48	2024-05-28 12:02:33	1	0	1	0
            58	2024-05-28 12:02:47	1	0	1	0
           527	2024-05-28 12:03:04	1	0	1	0
           181	2024-05-28 12:03:07	1	0	1	0
           185	2024-05-28 12:03:22	1	0	1	0
           118	2024-05-28 12:03:37	1	0	1	0
           473	2024-05-28 12:04:05	1	0	1	0
            91	2024-05-28 12:04:29	1	0	1	0
           385	2024-05-28 12:05:47	1	0	1	0
            80	2024-05-28 12:09:57	1	0	1	0
           551	2024-05-28 12:10:03	1	0	1	0
           379	2024-05-28 12:10:23	1	0	1	0
           471	2024-05-28 12:16:34	1	0	1	0
           605	2024-05-28 12:16:40	1	0	1	0
           180	2024-05-28 12:19:09	1	0	1	0
            57	2024-05-28 12:20:11	1	0	1	0
           118	2024-05-28 12:20:28	1	0	1	0
           473	2024-05-28 12:20:40	1	0	1	0
           627	2024-05-28 12:21:42	1	0	1	0
           369	2024-05-28 12:23:01	1	0	1	0
            48	2024-05-28 12:23:25	1	0	1	0
            58	2024-05-28 12:23:34	1	0	1	0
           241	2024-05-28 12:23:43	1	0	1	0
           142	2024-05-28 12:26:30	1	0	1	0
           551	2024-05-28 12:30:25	1	0	1	0
            80	2024-05-28 12:30:32	1	0	1	0
           379	2024-05-28 12:30:42	1	0	1	0
           180	2024-05-28 12:36:48	1	0	1	0
           185	2024-05-28 12:51:15	1	0	1	0
           181	2024-05-28 12:51:26	1	0	1	0
           527	2024-05-28 12:51:32	1	0	1	0
           385	2024-05-28 12:53:17	1	0	1	0
            91	2024-05-28 12:53:23	1	0	1	0
           627	2024-05-28 12:53:26	1	0	1	0
           241	2024-05-28 12:53:37	1	0	1	0
           472	2024-05-28 13:09:34	1	0	1	0
           332	2024-05-28 13:11:41	1	0	1	0
           145	2024-05-28 13:28:18	1	0	1	0
           401	2024-05-28 13:28:39	1	0	1	0
           144	2024-05-28 13:28:48	1	0	1	0
           145	2024-05-28 13:48:44	1	0	1	0
           401	2024-05-28 13:48:53	1	0	1	0
           144	2024-05-28 13:49:19	1	0	1	0
           472	2024-05-28 13:51:50	1	0	1	0
           551	2024-05-28 17:00:18	1	0	1	0
           369	2024-05-28 17:00:45	1	0	1	0
            48	2024-05-28 17:01:50	1	0	1	0
            58	2024-05-28 17:02:28	1	0	1	0
           527	2024-05-28 17:03:29	1	0	1	0
           471	2024-05-28 17:05:08	1	0	1	0
            57	2024-05-28 17:05:54	1	0	1	0
           473	2024-05-28 17:09:57	1	0	1	0
           605	2024-05-28 17:10:03	1	0	1	0
           118	2024-05-28 17:10:20	1	0	1	0
           379	2024-05-28 17:12:35	1	0	1	0
           180	2024-05-28 17:17:55	1	0	1	0
           627	2024-05-28 17:18:01	1	0	1	0
           241	2024-05-28 17:19:56	1	0	1	0
           142	2024-05-28 17:21:33	1	0	1	0
           385	2024-05-28 17:24:39	1	0	1	0
           181	2024-05-28 17:46:07	1	0	1	0
            91	2024-05-28 17:46:43	1	0	1	0
           185	2024-05-28 17:47:13	1	0	1	0
           145	2024-05-28 18:05:29	1	0	1	0
            80	2024-05-28 18:09:13	1	0	1	0
           144	2024-05-28 18:10:02	1	0	1	0
           472	2024-05-28 18:11:00	1	0	1	0
           401	2024-05-28 18:15:58	1	0	1	0
           332	2024-05-28 19:18:36	1	0	1	0
           385	2024-05-29 05:57:30	1	0	1	0
           551	2024-05-29 06:29:36	1	0	1	0
            58	2024-05-29 06:42:29	1	0	1	0
           142	2024-05-29 06:47:14	1	0	1	0
            91	2024-05-29 06:53:03	1	0	1	0
           369	2024-05-29 06:53:26	1	0	1	0
           241	2024-05-29 06:57:20	1	0	1	0
           185	2024-05-29 07:01:22	1	0	1	0
           627	2024-05-29 07:02:21	1	0	1	0
           181	2024-05-29 07:24:51	1	0	1	0
           605	2024-05-29 07:24:55	1	0	1	0
           379	2024-05-29 07:26:10	1	0	1	0
           602	2024-05-29 07:41:44	1	0	1	0
           473	2024-05-29 07:44:36	1	0	1	0
           527	2024-05-29 07:46:10	1	0	1	0
            48	2024-05-29 07:47:20	1	0	1	0
           471	2024-05-29 07:51:16	1	0	1	0
           472	2024-05-29 07:51:20	1	0	1	0
            80	2024-05-29 07:57:19	1	0	1	0
            57	2024-05-29 08:02:32	1	0	1	0
           145	2024-05-29 08:26:24	1	0	1	0
           144	2024-05-29 08:47:17	1	0	1	0
           401	2024-05-29 09:03:03	1	0	1	0
           332	2024-05-29 11:50:06	1	0	1	0
            48	2024-05-29 12:01:00	1	0	1	0
           142	2024-05-29 12:01:22	1	0	1	0
            58	2024-05-29 12:01:37	1	0	1	0
           527	2024-05-29 12:02:01	1	0	1	0
           602	2024-05-29 12:02:14	1	0	1	0
           605	2024-05-29 12:02:20	1	0	1	0
            57	2024-05-29 12:02:27	1	0	1	0
            80	2024-05-29 12:06:12	1	0	1	0
           551	2024-05-29 12:06:17	1	0	1	0
           473	2024-05-29 12:07:05	1	0	1	0
           471	2024-05-29 12:07:23	1	0	1	0
           602	2024-05-29 12:19:48	1	0	1	0
           605	2024-05-29 12:19:53	1	0	1	0
           527	2024-05-29 12:22:10	1	0	1	0
           627	2024-05-29 12:22:16	1	0	1	0
           385	2024-05-29 12:22:21	1	0	1	0
            48	2024-05-29 12:24:34	1	0	1	0
            58	2024-05-29 12:25:02	1	0	1	0
           142	2024-05-29 12:25:33	1	0	1	0
            57	2024-05-29 12:26:02	1	0	1	0
            80	2024-05-29 12:30:13	1	0	1	0
           551	2024-05-29 12:30:22	1	0	1	0
           471	2024-05-29 12:35:52	1	0	1	0
           473	2024-05-29 12:35:54	1	0	1	0
           385	2024-05-29 12:40:04	1	0	1	0
           332	2024-05-29 13:08:36	1	0	1	0
           472	2024-05-29 13:15:02	1	0	1	0
           144	2024-05-29 13:21:38	1	0	1	0
           332	2024-05-29 13:33:43	1	0	1	0
           144	2024-05-29 13:56:21	1	0	1	0
           551	2024-05-29 17:00:05	1	0	1	0
            48	2024-05-29 17:00:50	1	0	1	0
            58	2024-05-29 17:01:12	1	0	1	0
           527	2024-05-29 17:05:41	1	0	1	0
            80	2024-05-29 17:06:35	1	0	1	0
            57	2024-05-29 17:07:48	1	0	1	0
           627	2024-05-29 17:08:20	1	0	1	0
           385	2024-05-29 17:08:26	1	0	1	0
           142	2024-05-29 17:08:46	1	0	1	0
           602	2024-05-29 17:08:57	1	0	1	0
           605	2024-05-29 17:13:33	1	0	1	0
           473	2024-05-29 17:13:44	1	0	1	0
           144	2024-05-29 18:02:26	1	0	1	0
           145	2024-05-29 18:09:18	1	0	1	0
           332	2024-05-29 18:11:32	1	0	1	0
           401	2024-05-29 18:20:29	1	0	1	0
           241	2024-05-29 19:42:15	1	0	1	0
           385	2024-05-30 05:48:21	1	0	1	0
            58	2024-05-30 06:29:02	1	0	1	0
           473	2024-05-30 06:51:43	1	0	1	0
            48	2024-05-30 07:17:06	1	0	1	0
            91	2024-05-30 07:31:28	1	0	1	0
           627	2024-05-30 07:31:57	1	0	1	0
           602	2024-05-30 07:37:41	1	0	1	0
           181	2024-05-30 07:44:11	1	0	1	0
           551	2024-05-30 07:45:13	1	0	1	0
           527	2024-05-30 07:46:52	1	0	1	0
           118	2024-05-30 07:49:54	1	0	1	0
           142	2024-05-30 07:55:41	1	0	1	0
            57	2024-05-30 07:56:14	1	0	1	0
           369	2024-05-30 07:56:23	1	0	1	0
           180	2024-05-30 07:56:57	1	0	1	0
            80	2024-05-30 07:59:21	1	0	1	0
           401	2024-05-30 08:00:47	1	0	1	0
           471	2024-05-30 08:01:49	1	0	1	0
           472	2024-05-30 08:01:57	1	0	1	0
           241	2024-05-30 08:03:37	1	0	1	0
           605	2024-05-30 08:04:04	1	0	1	0
           187	2024-05-30 08:04:13	1	0	1	0
           145	2024-05-30 08:23:35	1	0	1	0
           144	2024-05-30 08:46:19	1	0	1	0
           332	2024-05-30 08:53:31	1	0	1	0
           385	2024-05-30 11:45:57	1	0	1	0
           471	2024-05-30 12:00:05	1	0	1	0
           473	2024-05-30 12:00:08	1	0	1	0
           118	2024-05-30 12:00:16	1	0	1	0
            80	2024-05-30 12:01:31	1	0	1	0
           551	2024-05-30 12:01:36	1	0	1	0
            57	2024-05-30 12:03:22	1	0	1	0
           187	2024-05-30 12:04:00	1	0	1	0
           369	2024-05-30 12:04:27	1	0	1	0
           142	2024-05-30 12:05:39	1	0	1	0
           602	2024-05-30 12:06:36	1	0	1	0
           605	2024-05-30 12:06:43	1	0	1	0
           180	2024-05-30 12:09:14	1	0	1	0
           527	2024-05-30 12:10:58	1	0	1	0
           181	2024-05-30 12:11:14	1	0	1	0
            48	2024-05-30 12:12:41	1	0	1	0
           241	2024-05-30 12:13:31	1	0	1	0
           118	2024-05-30 12:16:40	1	0	1	0
           473	2024-05-30 12:16:50	1	0	1	0
           471	2024-05-30 12:17:16	1	0	1	0
            57	2024-05-30 12:18:45	1	0	1	0
           369	2024-05-30 12:20:01	1	0	1	0
           627	2024-05-30 12:23:32	1	0	1	0
           385	2024-05-30 12:23:37	1	0	1	0
            91	2024-05-30 12:24:00	1	0	1	0
           551	2024-05-30 12:30:06	1	0	1	0
            80	2024-05-30 12:30:15	1	0	1	0
           142	2024-05-30 12:30:35	1	0	1	0
           241	2024-05-30 12:33:28	1	0	1	0
           527	2024-05-30 12:38:50	1	0	1	0
           602	2024-05-30 12:41:51	1	0	1	0
           605	2024-05-30 12:41:58	1	0	1	0
           187	2024-05-30 12:43:31	1	0	1	0
            48	2024-05-30 12:43:37	1	0	1	0
           181	2024-05-30 12:43:43	1	0	1	0
           180	2024-05-30 12:43:56	1	0	1	0
           627	2024-05-30 12:56:39	1	0	1	0
           145	2024-05-30 13:01:15	1	0	1	0
           401	2024-05-30 13:01:24	1	0	1	0
           332	2024-05-30 13:03:01	1	0	1	0
           472	2024-05-30 13:03:08	1	0	1	0
           144	2024-05-30 13:14:46	1	0	1	0
           145	2024-05-30 13:16:28	1	0	1	0
           401	2024-05-30 13:18:46	1	0	1	0
           332	2024-05-30 13:25:27	1	0	1	0
           185	2024-05-30 13:27:17	1	0	1	0
           472	2024-05-30 13:30:34	1	0	1	0
           144	2024-05-30 13:40:12	1	0	1	0
           181	2024-05-30 17:00:10	1	0	1	0
           551	2024-05-30 17:00:22	1	0	1	0
            57	2024-05-30 17:02:27	1	0	1	0
            58	2024-05-30 17:03:02	1	0	1	0
           369	2024-05-30 17:03:20	1	0	1	0
            80	2024-05-30 17:03:45	1	0	1	0
           187	2024-05-30 17:04:41	1	0	1	0
           471	2024-05-30 17:05:01	1	0	1	0
           527	2024-05-30 17:05:07	1	0	1	0
           185	2024-05-30 17:06:32	1	0	1	0
           180	2024-05-30 17:06:46	1	0	1	0
           142	2024-05-30 17:09:16	1	0	1	0
           473	2024-05-30 17:13:47	1	0	1	0
           602	2024-05-30 17:15:15	1	0	1	0
           605	2024-05-30 17:16:05	1	0	1	0
           241	2024-05-30 17:19:46	1	0	1	0
           627	2024-05-30 17:21:30	1	0	1	0
           385	2024-05-30 17:21:40	1	0	1	0
            48	2024-05-30 17:34:55	1	0	1	0
           118	2024-05-30 17:48:28	1	0	1	0
            91	2024-05-30 18:00:34	1	0	1	0
           472	2024-05-30 18:01:16	1	0	1	0
           145	2024-05-30 18:05:27	1	0	1	0
           401	2024-05-30 18:07:05	1	0	1	0
           144	2024-05-30 18:07:12	1	0	1	0
           332	2024-05-30 18:08:05	1	0	1	0
           385	2024-05-31 05:54:06	1	0	1	0
           527	2024-05-31 06:18:05	1	0	1	0
            58	2024-05-31 06:26:27	1	0	1	0
           142	2024-05-31 07:08:55	1	0	1	0
            80	2024-05-31 07:22:44	1	0	1	0
           369	2024-05-31 07:29:15	1	0	1	0
           379	2024-05-31 07:29:42	1	0	1	0
           473	2024-05-31 07:32:53	1	0	1	0
            91	2024-05-31 07:33:49	1	0	1	0
           185	2024-05-31 07:34:01	1	0	1	0
           181	2024-05-31 07:36:09	1	0	1	0
           602	2024-05-31 07:42:47	1	0	1	0
           118	2024-05-31 07:43:58	1	0	1	0
           551	2024-05-31 07:46:27	1	0	1	0
            48	2024-05-31 07:46:59	1	0	1	0
           627	2024-05-31 07:56:19	1	0	1	0
           605	2024-05-31 07:57:37	1	0	1	0
           241	2024-05-31 07:58:52	1	0	1	0
            57	2024-05-31 08:05:50	1	0	1	0
           145	2024-05-31 08:34:23	1	0	1	0
           144	2024-05-31 08:49:45	1	0	1	0
           472	2024-05-31 08:53:44	1	0	1	0
           401	2024-05-31 09:08:19	1	0	1	0
           332	2024-05-31 11:19:23	1	0	1	0
           385	2024-05-31 11:50:17	1	0	1	0
           473	2024-05-31 12:00:07	1	0	1	0
            48	2024-05-31 12:00:12	1	0	1	0
           379	2024-05-31 12:00:28	1	0	1	0
           471	2024-05-31 12:00:35	1	0	1	0
           551	2024-05-31 12:00:57	1	0	1	0
            80	2024-05-31 12:01:07	1	0	1	0
           602	2024-05-31 12:01:25	1	0	1	0
           185	2024-05-31 12:03:14	1	0	1	0
           527	2024-05-31 12:03:21	1	0	1	0
           605	2024-05-31 12:03:56	1	0	1	0
           181	2024-05-31 12:07:32	1	0	1	0
           241	2024-05-31 12:08:05	1	0	1	0
           627	2024-05-31 12:12:40	1	0	1	0
           142	2024-05-31 12:14:02	1	0	1	0
           379	2024-05-31 12:16:05	1	0	1	0
           471	2024-05-31 12:18:38	1	0	1	0
            91	2024-05-31 12:24:14	1	0	1	0
            80	2024-05-31 12:25:08	1	0	1	0
           551	2024-05-31 12:25:32	1	0	1	0
           473	2024-05-31 12:28:10	1	0	1	0
           602	2024-05-31 12:28:17	1	0	1	0
           605	2024-05-31 12:28:22	1	0	1	0
            58	2024-05-31 12:28:40	1	0	1	0
           627	2024-05-31 12:36:52	1	0	1	0
           241	2024-05-31 12:41:30	1	0	1	0
            57	2024-05-31 12:41:52	1	0	1	0
           142	2024-05-31 12:46:01	1	0	1	0
            58	2024-05-31 12:46:36	1	0	1	0
            48	2024-05-31 12:46:43	1	0	1	0
           181	2024-05-31 12:52:53	1	0	1	0
           527	2024-05-31 12:52:59	1	0	1	0
           185	2024-05-31 12:53:15	1	0	1	0
            91	2024-05-31 12:55:38	1	0	1	0
            57	2024-05-31 12:57:44	1	0	1	0
           332	2024-05-31 13:00:10	1	0	1	0
           472	2024-05-31 13:05:24	1	0	1	0
           145	2024-05-31 13:18:48	1	0	1	0
           144	2024-05-31 13:19:04	1	0	1	0
           472	2024-05-31 13:23:58	1	0	1	0
           332	2024-05-31 13:31:08	1	0	1	0
           145	2024-05-31 13:54:45	1	0	1	0
           144	2024-05-31 13:54:52	1	0	1	0
           551	2024-05-31 17:00:58	1	0	1	0
           369	2024-05-31 17:01:53	1	0	1	0
           527	2024-05-31 17:02:41	1	0	1	0
           379	2024-05-31 17:03:30	1	0	1	0
            80	2024-05-31 17:03:43	1	0	1	0
            58	2024-05-31 17:04:55	1	0	1	0
           187	2024-05-31 17:06:17	1	0	1	0
            48	2024-05-31 17:06:57	1	0	1	0
            57	2024-05-31 17:07:04	1	0	1	0
           181	2024-05-31 17:08:03	1	0	1	0
            91	2024-05-31 17:08:22	1	0	1	0
           142	2024-05-31 17:10:58	1	0	1	0
           241	2024-05-31 17:12:06	1	0	1	0
           385	2024-05-31 17:13:42	1	0	1	0
           118	2024-05-31 17:24:58	1	0	1	0
           602	2024-05-31 17:26:53	1	0	1	0
           605	2024-05-31 17:34:04	1	0	1	0
           473	2024-05-31 17:37:39	1	0	1	0
           471	2024-05-31 17:54:23	1	0	1	0
           185	2024-05-31 17:57:21	1	0	1	0
           472	2024-05-31 18:01:06	1	0	1	0
           144	2024-05-31 18:04:28	1	0	1	0
           332	2024-05-31 18:07:01	1	0	1	0
           145	2024-05-31 18:07:10	1	0	1	0
           627	2024-05-31 19:06:20	1	0	1	0
