           385	2024-10-01 06:10:09	1	0	1	0
            58	2024-10-01 06:24:53	1	0	1	0
           527	2024-10-01 06:45:21	1	0	1	0
           379	2024-10-01 06:48:06	1	0	1	0
           180	2024-10-01 06:52:09	1	0	1	0
           536	2024-10-01 06:53:54	1	0	1	0
           241	2024-10-01 07:00:09	1	0	1	0
           181	2024-10-01 07:02:08	1	0	1	0
           602	2024-10-01 07:31:50	1	0	1	0
            48	2024-10-01 07:36:49	1	0	1	0
           641	2024-10-01 07:37:58	1	0	1	0
           473	2024-10-01 07:38:46	1	0	1	0
           118	2024-10-01 07:39:04	1	0	1	0
           605	2024-10-01 07:50:21	1	0	1	0
           142	2024-10-01 07:55:51	1	0	1	0
           472	2024-10-01 07:57:22	1	0	1	0
           471	2024-10-01 07:58:37	1	0	1	0
            80	2024-10-01 08:00:41	1	0	1	0
            57	2024-10-01 08:07:05	1	0	1	0
           145	2024-10-01 08:29:56	1	0	1	0
           401	2024-10-01 08:54:25	1	0	1	0
           144	2024-10-01 09:01:25	1	0	1	0
           180	2024-10-01 11:01:42	1	0	1	0
           181	2024-10-01 11:01:51	1	0	1	0
           527	2024-10-01 11:01:55	1	0	1	0
           379	2024-10-01 11:02:13	1	0	1	0
           241	2024-10-01 11:03:30	1	0	1	0
           527	2024-10-01 11:31:04	1	0	1	0
           181	2024-10-01 11:32:14	1	0	1	0
           536	2024-10-01 11:32:49	1	0	1	0
           241	2024-10-01 11:35:52	1	0	1	0
           180	2024-10-01 11:39:16	1	0	1	0
           385	2024-10-01 11:45:13	1	0	1	0
           379	2024-10-01 11:52:12	1	0	1	0
           536	2024-10-01 11:53:56	1	0	1	0
           641	2024-10-01 12:00:17	1	0	1	0
           385	2024-10-01 12:00:21	1	0	1	0
            57	2024-10-01 12:00:29	1	0	1	0
           471	2024-10-01 12:00:37	1	0	1	0
            48	2024-10-01 12:00:44	1	0	1	0
            58	2024-10-01 12:00:54	1	0	1	0
           142	2024-10-01 12:01:45	1	0	1	0
            80	2024-10-01 12:02:41	1	0	1	0
           473	2024-10-01 12:06:24	1	0	1	0
           605	2024-10-01 12:06:28	1	0	1	0
            48	2024-10-01 12:16:39	1	0	1	0
            57	2024-10-01 12:16:46	1	0	1	0
            58	2024-10-01 12:16:53	1	0	1	0
            80	2024-10-01 12:17:47	1	0	1	0
           471	2024-10-01 12:18:33	1	0	1	0
           602	2024-10-01 12:18:54	1	0	1	0
           118	2024-10-01 12:19:12	1	0	1	0
           472	2024-10-01 12:19:25	1	0	1	0
           605	2024-10-01 12:28:46	1	0	1	0
           118	2024-10-01 12:35:15	1	0	1	0
           641	2024-10-01 12:39:49	1	0	1	0
           602	2024-10-01 12:43:14	1	0	1	0
           472	2024-10-01 12:44:53	1	0	1	0
           473	2024-10-01 12:45:57	1	0	1	0
           142	2024-10-01 13:00:51	1	0	1	0
           145	2024-10-01 13:19:38	1	0	1	0
           401	2024-10-01 13:19:47	1	0	1	0
           144	2024-10-01 13:31:05	1	0	1	0
           145	2024-10-01 13:54:04	1	0	1	0
           401	2024-10-01 13:54:12	1	0	1	0
           144	2024-10-01 13:54:33	1	0	1	0
           332	2024-10-01 14:06:42	1	0	1	0
           379	2024-10-01 16:02:02	1	0	1	0
           536	2024-10-01 16:09:38	1	0	1	0
           527	2024-10-01 16:10:39	1	0	1	0
           241	2024-10-01 16:43:50	1	0	1	0
           180	2024-10-01 16:51:27	1	0	1	0
           181	2024-10-01 16:58:43	1	0	1	0
            48	2024-10-01 17:00:04	1	0	1	0
            58	2024-10-01 17:00:12	1	0	1	0
            57	2024-10-01 17:00:19	1	0	1	0
           641	2024-10-01 17:00:29	1	0	1	0
           471	2024-10-01 17:01:00	1	0	1	0
           472	2024-10-01 17:01:12	1	0	1	0
           605	2024-10-01 17:04:12	1	0	1	0
            91	2024-10-01 17:04:55	1	0	1	0
           385	2024-10-01 17:08:30	1	0	1	0
           602	2024-10-01 17:15:43	1	0	1	0
           142	2024-10-01 17:16:46	1	0	1	0
           118	2024-10-01 17:17:18	1	0	1	0
           473	2024-10-01 17:18:29	1	0	1	0
            80	2024-10-01 17:26:18	1	0	1	0
           144	2024-10-01 18:01:10	1	0	1	0
           332	2024-10-01 18:04:25	1	0	1	0
           401	2024-10-01 18:04:32	1	0	1	0
           145	2024-10-01 18:04:45	1	0	1	0
            58	2024-10-02 05:57:51	1	0	1	0
           385	2024-10-02 05:58:34	1	0	1	0
           527	2024-10-02 06:45:30	1	0	1	0
           185	2024-10-02 06:50:07	1	0	1	0
           180	2024-10-02 06:50:23	1	0	1	0
            91	2024-10-02 06:52:25	1	0	1	0
           181	2024-10-02 06:58:28	1	0	1	0
           241	2024-10-02 07:00:40	1	0	1	0
           379	2024-10-02 07:00:49	1	0	1	0
            48	2024-10-02 07:11:25	1	0	1	0
           602	2024-10-02 07:29:19	1	0	1	0
           118	2024-10-02 07:33:19	1	0	1	0
           641	2024-10-02 07:34:02	1	0	1	0
           142	2024-10-02 07:42:25	1	0	1	0
           473	2024-10-02 07:50:24	1	0	1	0
           369	2024-10-02 07:52:56	1	0	1	0
           605	2024-10-02 07:53:58	1	0	1	0
           472	2024-10-02 07:54:24	1	0	1	0
           471	2024-10-02 07:54:42	1	0	1	0
            80	2024-10-02 07:58:54	1	0	1	0
            57	2024-10-02 08:03:41	1	0	1	0
           332	2024-10-02 08:13:18	1	0	1	0
           145	2024-10-02 08:36:01	1	0	1	0
           144	2024-10-02 08:55:00	1	0	1	0
           401	2024-10-02 08:57:19	1	0	1	0
           180	2024-10-02 11:03:46	1	0	1	0
           181	2024-10-02 11:03:52	1	0	1	0
           379	2024-10-02 11:07:05	1	0	1	0
           185	2024-10-02 11:08:00	1	0	1	0
           527	2024-10-02 11:11:52	1	0	1	0
           241	2024-10-02 11:14:58	1	0	1	0
           185	2024-10-02 11:27:21	1	0	1	0
           180	2024-10-02 11:32:17	1	0	1	0
           527	2024-10-02 11:33:05	1	0	1	0
           241	2024-10-02 11:36:29	1	0	1	0
           379	2024-10-02 11:42:44	1	0	1	0
           385	2024-10-02 11:45:16	1	0	1	0
           181	2024-10-02 11:48:40	1	0	1	0
           142	2024-10-02 12:01:03	1	0	1	0
            80	2024-10-02 12:01:34	1	0	1	0
           369	2024-10-02 12:01:41	1	0	1	0
            58	2024-10-02 12:01:59	1	0	1	0
           641	2024-10-02 12:02:12	1	0	1	0
            48	2024-10-02 12:06:29	1	0	1	0
           551	2024-10-02 12:07:09	1	0	1	0
           471	2024-10-02 12:07:40	1	0	1	0
           472	2024-10-02 12:08:22	1	0	1	0
           385	2024-10-02 12:11:07	1	0	1	0
           142	2024-10-02 12:16:21	1	0	1	0
           602	2024-10-02 12:16:54	1	0	1	0
           605	2024-10-02 12:17:02	1	0	1	0
            58	2024-10-02 12:17:50	1	0	1	0
           369	2024-10-02 12:21:14	1	0	1	0
           641	2024-10-02 12:25:53	1	0	1	0
           471	2024-10-02 12:27:55	1	0	1	0
           472	2024-10-02 12:28:01	1	0	1	0
            57	2024-10-02 12:33:53	1	0	1	0
           551	2024-10-02 12:34:46	1	0	1	0
            80	2024-10-02 12:34:52	1	0	1	0
            48	2024-10-02 12:35:33	1	0	1	0
           473	2024-10-02 12:37:36	1	0	1	0
           118	2024-10-02 12:42:44	1	0	1	0
            57	2024-10-02 12:50:06	1	0	1	0
           605	2024-10-02 12:50:30	1	0	1	0
           602	2024-10-02 12:53:59	1	0	1	0
           473	2024-10-02 12:55:09	1	0	1	0
           118	2024-10-02 12:58:12	1	0	1	0
           332	2024-10-02 13:04:32	1	0	1	0
           144	2024-10-02 13:11:14	1	0	1	0
           145	2024-10-02 13:28:52	1	0	1	0
           401	2024-10-02 13:28:58	1	0	1	0
           145	2024-10-02 13:57:50	1	0	1	0
           401	2024-10-02 13:57:56	1	0	1	0
           144	2024-10-02 13:58:15	1	0	1	0
           332	2024-10-02 14:00:46	1	0	1	0
           181	2024-10-02 16:13:59	1	0	1	0
           527	2024-10-02 16:16:35	1	0	1	0
           241	2024-10-02 16:20:29	1	0	1	0
           379	2024-10-02 16:41:15	1	0	1	0
           180	2024-10-02 16:56:41	1	0	1	0
            48	2024-10-02 17:00:06	1	0	1	0
            58	2024-10-02 17:00:09	1	0	1	0
            57	2024-10-02 17:00:15	1	0	1	0
           385	2024-10-02 17:00:20	1	0	1	0
           641	2024-10-02 17:00:30	1	0	1	0
           471	2024-10-02 17:01:15	1	0	1	0
           369	2024-10-02 17:02:09	1	0	1	0
           472	2024-10-02 17:02:18	1	0	1	0
           118	2024-10-02 17:04:32	1	0	1	0
           473	2024-10-02 17:04:52	1	0	1	0
           605	2024-10-02 17:04:59	1	0	1	0
           602	2024-10-02 17:05:09	1	0	1	0
           142	2024-10-02 17:15:43	1	0	1	0
           145	2024-10-02 18:02:45	1	0	1	0
           144	2024-10-02 18:02:53	1	0	1	0
           401	2024-10-02 18:02:59	1	0	1	0
           332	2024-10-02 18:03:15	1	0	1	0
           185	2024-10-02 18:30:44	1	0	1	0
           551	2024-10-02 19:47:06	1	0	1	0
           385	2024-10-03 05:48:40	1	0	1	0
            58	2024-10-03 06:24:30	1	0	1	0
           527	2024-10-03 06:49:49	1	0	1	0
           185	2024-10-03 06:51:04	1	0	1	0
           180	2024-10-03 06:52:16	1	0	1	0
           379	2024-10-03 06:55:43	1	0	1	0
            48	2024-10-03 07:01:11	1	0	1	0
           181	2024-10-03 07:01:16	1	0	1	0
           536	2024-10-03 07:05:54	1	0	1	0
           142	2024-10-03 07:08:33	1	0	1	0
           401	2024-10-03 07:28:07	1	0	1	0
           641	2024-10-03 07:32:45	1	0	1	0
           551	2024-10-03 07:39:32	1	0	1	0
           118	2024-10-03 07:43:16	1	0	1	0
           602	2024-10-03 07:43:30	1	0	1	0
           473	2024-10-03 07:51:32	1	0	1	0
           472	2024-10-03 07:53:25	1	0	1	0
           471	2024-10-03 07:53:46	1	0	1	0
           605	2024-10-03 07:58:48	1	0	1	0
            80	2024-10-03 08:00:11	1	0	1	0
            57	2024-10-03 08:01:40	1	0	1	0
           369	2024-10-03 08:12:16	1	0	1	0
           145	2024-10-03 08:23:01	1	0	1	0
           332	2024-10-03 08:54:18	1	0	1	0
           144	2024-10-03 09:28:35	1	0	1	0
           379	2024-10-03 11:01:07	1	0	1	0
           185	2024-10-03 11:05:23	1	0	1	0
           180	2024-10-03 11:05:31	1	0	1	0
           181	2024-10-03 11:05:38	1	0	1	0
           536	2024-10-03 11:05:42	1	0	1	0
           527	2024-10-03 11:05:47	1	0	1	0
           536	2024-10-03 11:20:58	1	0	1	0
           180	2024-10-03 11:21:17	1	0	1	0
           185	2024-10-03 11:31:29	1	0	1	0
           181	2024-10-03 11:31:35	1	0	1	0
           527	2024-10-03 11:31:40	1	0	1	0
           385	2024-10-03 11:46:51	1	0	1	0
           379	2024-10-03 11:48:32	1	0	1	0
           641	2024-10-03 12:00:08	1	0	1	0
            57	2024-10-03 12:00:44	1	0	1	0
            58	2024-10-03 12:00:56	1	0	1	0
            48	2024-10-03 12:01:02	1	0	1	0
           142	2024-10-03 12:01:10	1	0	1	0
           602	2024-10-03 12:01:26	1	0	1	0
           473	2024-10-03 12:01:29	1	0	1	0
           605	2024-10-03 12:01:31	1	0	1	0
           472	2024-10-03 12:04:45	1	0	1	0
           471	2024-10-03 12:04:52	1	0	1	0
           369	2024-10-03 12:06:55	1	0	1	0
           551	2024-10-03 12:09:16	1	0	1	0
           385	2024-10-03 12:13:06	1	0	1	0
            57	2024-10-03 12:16:01	1	0	1	0
            58	2024-10-03 12:16:12	1	0	1	0
            48	2024-10-03 12:16:20	1	0	1	0
           473	2024-10-03 12:22:26	1	0	1	0
           605	2024-10-03 12:22:28	1	0	1	0
           472	2024-10-03 12:22:41	1	0	1	0
           471	2024-10-03 12:22:47	1	0	1	0
           602	2024-10-03 12:23:01	1	0	1	0
           118	2024-10-03 12:28:02	1	0	1	0
           641	2024-10-03 12:32:28	1	0	1	0
           142	2024-10-03 12:39:36	1	0	1	0
           551	2024-10-03 12:42:37	1	0	1	0
           369	2024-10-03 12:49:18	1	0	1	0
           118	2024-10-03 12:50:50	1	0	1	0
           145	2024-10-03 13:08:40	1	0	1	0
           144	2024-10-03 13:19:04	1	0	1	0
           145	2024-10-03 13:23:54	1	0	1	0
           332	2024-10-03 13:33:14	1	0	1	0
           332	2024-10-03 13:55:24	1	0	1	0
           536	2024-10-03 16:02:17	1	0	1	0
           379	2024-10-03 16:02:37	1	0	1	0
           181	2024-10-03 16:05:29	1	0	1	0
           527	2024-10-03 16:05:49	1	0	1	0
           185	2024-10-03 16:22:22	1	0	1	0
           180	2024-10-03 16:35:05	1	0	1	0
            57	2024-10-03 17:00:12	1	0	1	0
            48	2024-10-03 17:00:25	1	0	1	0
            58	2024-10-03 17:00:34	1	0	1	0
           641	2024-10-03 17:02:03	1	0	1	0
           369	2024-10-03 17:02:48	1	0	1	0
           471	2024-10-03 17:03:59	1	0	1	0
           472	2024-10-03 17:04:38	1	0	1	0
            80	2024-10-03 17:05:43	1	0	1	0
           551	2024-10-03 17:09:42	1	0	1	0
           385	2024-10-03 17:10:02	1	0	1	0
           602	2024-10-03 17:14:45	1	0	1	0
           605	2024-10-03 17:14:57	1	0	1	0
           118	2024-10-03 17:15:40	1	0	1	0
           473	2024-10-03 17:15:49	1	0	1	0
           142	2024-10-03 17:26:40	1	0	1	0
           401	2024-10-03 17:28:50	1	0	1	0
           332	2024-10-03 18:04:29	1	0	1	0
           144	2024-10-03 18:06:47	1	0	1	0
           145	2024-10-03 18:07:10	1	0	1	0
           385	2024-10-04 05:59:38	1	0	1	0
            58	2024-10-04 06:21:18	1	0	1	0
           180	2024-10-04 06:53:08	1	0	1	0
           379	2024-10-04 06:53:29	1	0	1	0
           181	2024-10-04 06:55:38	1	0	1	0
           118	2024-10-04 06:56:51	1	0	1	0
           185	2024-10-04 07:01:56	1	0	1	0
           536	2024-10-04 07:03:16	1	0	1	0
            48	2024-10-04 07:08:26	1	0	1	0
           142	2024-10-04 07:30:00	1	0	1	0
           401	2024-10-04 07:32:37	1	0	1	0
           602	2024-10-04 07:33:58	1	0	1	0
           641	2024-10-04 07:35:20	1	0	1	0
           473	2024-10-04 07:37:12	1	0	1	0
           605	2024-10-04 07:39:41	1	0	1	0
           369	2024-10-04 07:57:40	1	0	1	0
            80	2024-10-04 07:58:12	1	0	1	0
           472	2024-10-04 07:59:11	1	0	1	0
           471	2024-10-04 07:59:43	1	0	1	0
            57	2024-10-04 08:04:25	1	0	1	0
           145	2024-10-04 08:36:15	1	0	1	0
           144	2024-10-04 09:03:56	1	0	1	0
           332	2024-10-04 10:20:52	1	0	1	0
           379	2024-10-04 11:01:14	1	0	1	0
           180	2024-10-04 11:02:44	1	0	1	0
           536	2024-10-04 11:02:50	1	0	1	0
           185	2024-10-04 11:03:33	1	0	1	0
           379	2024-10-04 11:18:37	1	0	1	0
           181	2024-10-04 11:22:49	1	0	1	0
           185	2024-10-04 11:27:40	1	0	1	0
           385	2024-10-04 11:41:47	1	0	1	0
           536	2024-10-04 11:42:46	1	0	1	0
           181	2024-10-04 11:42:54	1	0	1	0
           180	2024-10-04 11:43:10	1	0	1	0
           385	2024-10-04 11:59:10	1	0	1	0
           472	2024-10-04 12:00:14	1	0	1	0
           471	2024-10-04 12:00:20	1	0	1	0
            58	2024-10-04 12:01:04	1	0	1	0
            48	2024-10-04 12:01:09	1	0	1	0
           605	2024-10-04 12:03:04	1	0	1	0
           473	2024-10-04 12:03:08	1	0	1	0
           602	2024-10-04 12:03:23	1	0	1	0
           641	2024-10-04 12:03:45	1	0	1	0
            80	2024-10-04 12:06:41	1	0	1	0
           118	2024-10-04 12:07:38	1	0	1	0
           369	2024-10-04 12:12:09	1	0	1	0
            58	2024-10-04 12:17:35	1	0	1	0
           142	2024-10-04 12:17:57	1	0	1	0
            48	2024-10-04 12:18:02	1	0	1	0
           471	2024-10-04 12:20:35	1	0	1	0
           118	2024-10-04 12:22:49	1	0	1	0
            80	2024-10-04 12:30:10	1	0	1	0
           605	2024-10-04 12:30:40	1	0	1	0
           473	2024-10-04 12:30:44	1	0	1	0
           602	2024-10-04 12:30:49	1	0	1	0
           142	2024-10-04 12:39:12	1	0	1	0
            57	2024-10-04 12:39:28	1	0	1	0
           472	2024-10-04 12:39:44	1	0	1	0
           118	2024-10-04 12:40:36	1	0	1	0
           641	2024-10-04 12:44:03	1	0	1	0
            57	2024-10-04 12:55:17	1	0	1	0
           145	2024-10-04 13:26:36	1	0	1	0
           332	2024-10-04 13:28:38	1	0	1	0
           332	2024-10-04 13:50:58	1	0	1	0
           145	2024-10-04 13:58:27	1	0	1	0
           379	2024-10-04 16:02:06	1	0	1	0
           536	2024-10-04 16:14:05	1	0	1	0
           181	2024-10-04 16:25:53	1	0	1	0
           185	2024-10-04 16:30:40	1	0	1	0
            57	2024-10-04 17:00:07	1	0	1	0
            58	2024-10-04 17:00:15	1	0	1	0
            48	2024-10-04 17:00:19	1	0	1	0
           641	2024-10-04 17:00:25	1	0	1	0
           180	2024-10-04 17:03:52	1	0	1	0
           471	2024-10-04 17:03:59	1	0	1	0
           472	2024-10-04 17:05:00	1	0	1	0
           602	2024-10-04 17:05:13	1	0	1	0
           605	2024-10-04 17:06:47	1	0	1	0
           473	2024-10-04 17:09:21	1	0	1	0
           142	2024-10-04 17:10:03	1	0	1	0
           385	2024-10-04 17:11:23	1	0	1	0
            80	2024-10-04 17:18:46	1	0	1	0
           332	2024-10-04 18:03:57	1	0	1	0
           145	2024-10-04 18:04:01	1	0	1	0
           385	2024-10-05 06:02:02	1	0	1	0
           385	2024-10-05 11:54:31	1	0	1	0
           385	2024-10-05 12:53:49	1	0	1	0
           385	2024-10-05 17:04:34	1	0	1	0
           385	2024-10-07 05:45:11	1	0	1	0
            58	2024-10-07 06:24:03	1	0	1	0
           180	2024-10-07 06:50:47	1	0	1	0
           527	2024-10-07 06:53:15	1	0	1	0
           379	2024-10-07 06:53:28	1	0	1	0
           602	2024-10-07 06:56:11	1	0	1	0
           536	2024-10-07 06:56:39	1	0	1	0
            91	2024-10-07 06:57:13	1	0	1	0
           185	2024-10-07 06:57:21	1	0	1	0
           181	2024-10-07 07:03:47	1	0	1	0
           241	2024-10-07 07:07:24	1	0	1	0
            48	2024-10-07 07:14:02	1	0	1	0
           401	2024-10-07 07:23:28	1	0	1	0
           118	2024-10-07 07:35:40	1	0	1	0
           473	2024-10-07 07:35:46	1	0	1	0
           605	2024-10-07 07:38:57	1	0	1	0
           551	2024-10-07 07:41:54	1	0	1	0
           369	2024-10-07 07:47:50	1	0	1	0
           142	2024-10-07 07:50:41	1	0	1	0
           471	2024-10-07 07:52:30	1	0	1	0
           472	2024-10-07 07:52:48	1	0	1	0
            57	2024-10-07 07:55:58	1	0	1	0
            80	2024-10-07 07:58:17	1	0	1	0
           144	2024-10-07 09:20:14	1	0	1	0
           413	2024-10-07 09:31:04	1	0	4	0
           379	2024-10-07 11:02:06	1	0	1	0
           379	2024-10-07 11:18:34	1	0	1	0
            91	2024-10-07 11:21:09	1	0	1	0
           241	2024-10-07 11:21:17	1	0	1	0
           536	2024-10-07 11:22:00	1	0	1	0
           181	2024-10-07 11:22:04	1	0	1	0
           180	2024-10-07 11:22:10	1	0	1	0
           527	2024-10-07 11:22:15	1	0	1	0
           385	2024-10-07 11:31:11	1	0	1	0
            91	2024-10-07 11:45:54	1	0	1	0
           536	2024-10-07 11:50:52	1	0	1	0
           527	2024-10-07 11:50:56	1	0	1	0
           180	2024-10-07 11:50:59	1	0	1	0
           185	2024-10-07 11:51:05	1	0	1	0
           181	2024-10-07 11:51:10	1	0	1	0
           241	2024-10-07 11:51:17	1	0	1	0
           118	2024-10-07 12:00:10	1	0	1	0
           385	2024-10-07 12:00:27	1	0	1	0
           142	2024-10-07 12:01:24	1	0	1	0
           473	2024-10-07 12:02:15	1	0	1	0
           472	2024-10-07 12:02:18	1	0	1	0
           471	2024-10-07 12:02:24	1	0	1	0
           602	2024-10-07 12:02:47	1	0	1	0
           605	2024-10-07 12:06:18	1	0	1	0
           369	2024-10-07 12:15:47	1	0	1	0
            48	2024-10-07 12:15:50	1	0	1	0
           471	2024-10-07 12:31:15	1	0	1	0
           473	2024-10-07 12:31:18	1	0	1	0
           602	2024-10-07 12:31:26	1	0	1	0
           605	2024-10-07 12:31:38	1	0	1	0
           472	2024-10-07 12:33:01	1	0	1	0
           551	2024-10-07 12:39:20	1	0	1	0
            80	2024-10-07 12:39:28	1	0	1	0
            57	2024-10-07 12:46:15	1	0	1	0
            48	2024-10-07 12:46:29	1	0	1	0
            58	2024-10-07 12:46:32	1	0	1	0
           369	2024-10-07 12:47:16	1	0	1	0
           142	2024-10-07 12:51:13	1	0	1	0
            80	2024-10-07 12:55:19	1	0	1	0
           551	2024-10-07 12:55:24	1	0	1	0
            57	2024-10-07 13:03:50	1	0	1	0
           332	2024-10-07 13:03:57	1	0	1	0
           332	2024-10-07 13:22:58	1	0	1	0
           401	2024-10-07 13:26:46	1	0	1	0
           413	2024-10-07 13:33:40	1	0	4	0
           144	2024-10-07 13:38:08	1	0	1	0
           401	2024-10-07 13:45:48	1	0	1	0
            91	2024-10-07 16:02:54	1	0	1	0
           536	2024-10-07 16:06:27	1	0	1	0
           527	2024-10-07 16:06:31	1	0	1	0
           185	2024-10-07 16:08:51	1	0	1	0
           181	2024-10-07 16:08:56	1	0	1	0
           379	2024-10-07 16:11:00	1	0	1	0
           180	2024-10-07 16:18:10	1	0	1	0
            57	2024-10-07 17:00:03	1	0	1	0
           385	2024-10-07 17:00:09	1	0	1	0
           471	2024-10-07 17:00:15	1	0	1	0
           472	2024-10-07 17:00:17	1	0	1	0
            48	2024-10-07 17:01:35	1	0	1	0
            58	2024-10-07 17:01:49	1	0	1	0
           602	2024-10-07 17:02:27	1	0	1	0
           118	2024-10-07 17:02:35	1	0	1	0
           605	2024-10-07 17:03:21	1	0	1	0
           473	2024-10-07 17:05:06	1	0	1	0
            80	2024-10-07 17:09:38	1	0	1	0
           551	2024-10-07 17:11:24	1	0	1	0
           142	2024-10-07 17:13:45	1	0	1	0
           241	2024-10-07 17:15:31	1	0	1	0
           369	2024-10-07 17:21:10	1	0	1	0
           401	2024-10-07 18:00:04	1	0	1	0
           144	2024-10-07 18:00:20	1	0	1	0
           332	2024-10-07 18:14:19	1	0	1	0
           385	2024-10-08 06:04:40	1	0	1	0
            58	2024-10-08 06:20:15	1	0	1	0
           527	2024-10-08 06:43:53	1	0	1	0
           536	2024-10-08 06:49:14	1	0	1	0
           180	2024-10-08 06:51:26	1	0	1	0
            91	2024-10-08 06:54:45	1	0	1	0
           185	2024-10-08 06:55:04	1	0	1	0
           379	2024-10-08 06:57:15	1	0	1	0
           181	2024-10-08 07:00:13	1	0	1	0
           241	2024-10-08 07:01:24	1	0	1	0
            48	2024-10-08 07:04:26	1	0	1	0
           605	2024-10-08 07:28:49	1	0	1	0
           641	2024-10-08 07:34:48	1	0	1	0
           118	2024-10-08 07:37:18	1	0	1	0
           602	2024-10-08 07:39:04	1	0	1	0
           473	2024-10-08 07:50:34	1	0	1	0
           472	2024-10-08 07:56:49	1	0	1	0
           471	2024-10-08 07:56:53	1	0	1	0
           551	2024-10-08 07:57:00	1	0	1	0
            80	2024-10-08 07:59:58	1	0	1	0
            57	2024-10-08 08:05:56	1	0	1	0
           142	2024-10-08 08:10:37	1	0	1	0
           369	2024-10-08 08:29:50	1	0	1	0
           332	2024-10-08 08:39:37	1	0	1	0
           401	2024-10-08 08:57:12	1	0	1	0
           241	2024-10-08 11:00:10	1	0	1	0
           379	2024-10-08 11:00:16	1	0	1	0
           181	2024-10-08 11:01:05	1	0	1	0
           536	2024-10-08 11:01:08	1	0	1	0
           180	2024-10-08 11:01:12	1	0	1	0
           527	2024-10-08 11:01:23	1	0	1	0
           185	2024-10-08 11:12:59	1	0	1	0
           181	2024-10-08 11:16:13	1	0	1	0
           536	2024-10-08 11:16:17	1	0	1	0
           180	2024-10-08 11:16:21	1	0	1	0
           527	2024-10-08 11:16:26	1	0	1	0
           241	2024-10-08 11:27:47	1	0	1	0
            91	2024-10-08 11:31:39	1	0	1	0
           385	2024-10-08 11:33:24	1	0	1	0
           185	2024-10-08 11:44:59	1	0	1	0
            91	2024-10-08 11:49:21	1	0	1	0
           379	2024-10-08 11:55:33	1	0	1	0
           369	2024-10-08 12:00:08	1	0	1	0
            48	2024-10-08 12:00:15	1	0	1	0
            57	2024-10-08 12:00:22	1	0	1	0
            58	2024-10-08 12:00:35	1	0	1	0
           471	2024-10-08 12:00:56	1	0	1	0
           142	2024-10-08 12:01:31	1	0	1	0
           385	2024-10-08 12:02:25	1	0	1	0
           473	2024-10-08 12:02:27	1	0	1	0
            80	2024-10-08 12:03:13	1	0	1	0
           551	2024-10-08 12:03:25	1	0	1	0
           602	2024-10-08 12:05:21	1	0	1	0
           641	2024-10-08 12:05:48	1	0	1	0
           605	2024-10-08 12:11:14	1	0	1	0
           118	2024-10-08 12:12:05	1	0	1	0
            48	2024-10-08 12:15:35	1	0	1	0
            58	2024-10-08 12:15:40	1	0	1	0
            57	2024-10-08 12:15:48	1	0	1	0
           471	2024-10-08 12:16:31	1	0	1	0
           602	2024-10-08 12:25:49	1	0	1	0
           473	2024-10-08 12:26:03	1	0	1	0
            80	2024-10-08 12:27:58	1	0	1	0
           551	2024-10-08 12:28:01	1	0	1	0
           605	2024-10-08 12:30:55	1	0	1	0
           472	2024-10-08 12:33:04	1	0	1	0
           118	2024-10-08 12:39:55	1	0	1	0
           142	2024-10-08 12:45:45	1	0	1	0
           641	2024-10-08 12:48:55	1	0	1	0
           369	2024-10-08 12:56:52	1	0	1	0
           472	2024-10-08 12:58:20	1	0	1	0
           332	2024-10-08 13:22:23	1	0	1	0
           401	2024-10-08 13:22:38	1	0	1	0
           144	2024-10-08 13:37:52	1	0	1	0
           401	2024-10-08 13:48:38	1	0	1	0
           332	2024-10-08 13:55:53	1	0	1	0
           536	2024-10-08 16:06:18	1	0	1	0
           527	2024-10-08 16:07:59	1	0	1	0
           181	2024-10-08 16:16:59	1	0	1	0
           379	2024-10-08 16:19:50	1	0	1	0
           180	2024-10-08 16:51:21	1	0	1	0
            57	2024-10-08 17:01:09	1	0	1	0
            48	2024-10-08 17:01:32	1	0	1	0
            58	2024-10-08 17:01:47	1	0	1	0
           185	2024-10-08 17:02:02	1	0	1	0
           369	2024-10-08 17:03:08	1	0	1	0
           641	2024-10-08 17:03:15	1	0	1	0
           385	2024-10-08 17:03:24	1	0	1	0
            80	2024-10-08 17:15:58	1	0	1	0
           142	2024-10-08 17:19:14	1	0	1	0
           602	2024-10-08 17:27:18	1	0	1	0
           472	2024-10-08 17:28:20	1	0	1	0
           471	2024-10-08 17:28:27	1	0	1	0
           605	2024-10-08 17:29:57	1	0	1	0
           473	2024-10-08 17:30:46	1	0	1	0
            91	2024-10-08 17:36:05	1	0	1	0
           241	2024-10-08 17:38:55	1	0	1	0
           332	2024-10-08 18:01:05	1	0	1	0
           144	2024-10-08 18:01:08	1	0	1	0
           401	2024-10-08 18:09:17	1	0	1	0
           385	2024-10-09 05:46:48	1	0	1	0
            58	2024-10-09 06:20:23	1	0	1	0
           527	2024-10-09 06:43:42	1	0	1	0
           180	2024-10-09 06:52:36	1	0	1	0
            91	2024-10-09 06:56:25	1	0	1	0
           241	2024-10-09 06:56:33	1	0	1	0
           185	2024-10-09 06:56:40	1	0	1	0
           379	2024-10-09 06:58:29	1	0	1	0
           181	2024-10-09 06:58:53	1	0	1	0
           536	2024-10-09 07:08:38	1	0	1	0
            48	2024-10-09 07:11:21	1	0	1	0
           142	2024-10-09 07:22:29	1	0	1	0
           641	2024-10-09 07:32:12	1	0	1	0
           602	2024-10-09 07:33:55	1	0	1	0
           605	2024-10-09 07:35:37	1	0	1	0
           472	2024-10-09 07:36:45	1	0	1	0
           471	2024-10-09 07:36:50	1	0	1	0
           118	2024-10-09 07:39:46	1	0	1	0
           551	2024-10-09 07:42:21	1	0	1	0
           473	2024-10-09 07:47:38	1	0	1	0
            80	2024-10-09 07:55:23	1	0	1	0
            57	2024-10-09 08:03:13	1	0	1	0
           369	2024-10-09 08:15:51	1	0	1	0
           145	2024-10-09 08:31:06	1	0	1	0
           332	2024-10-09 08:44:09	1	0	1	0
           144	2024-10-09 08:57:49	1	0	1	0
           401	2024-10-09 09:06:02	1	0	1	0
           379	2024-10-09 11:00:13	1	0	1	0
           527	2024-10-09 11:02:25	1	0	1	0
           536	2024-10-09 11:05:21	1	0	1	0
           180	2024-10-09 11:08:26	1	0	1	0
           185	2024-10-09 11:08:32	1	0	1	0
           536	2024-10-09 11:30:01	1	0	1	0
           527	2024-10-09 11:30:05	1	0	1	0
           181	2024-10-09 11:30:14	1	0	1	0
           241	2024-10-09 11:38:56	1	0	1	0
           180	2024-10-09 11:39:08	1	0	1	0
           185	2024-10-09 11:39:12	1	0	1	0
           385	2024-10-09 11:44:05	1	0	1	0
           181	2024-10-09 11:49:34	1	0	1	0
           379	2024-10-09 11:52:58	1	0	1	0
           241	2024-10-09 11:54:20	1	0	1	0
           641	2024-10-09 12:00:07	1	0	1	0
           369	2024-10-09 12:00:12	1	0	1	0
           471	2024-10-09 12:00:18	1	0	1	0
            58	2024-10-09 12:00:25	1	0	1	0
            48	2024-10-09 12:00:30	1	0	1	0
           472	2024-10-09 12:01:20	1	0	1	0
           142	2024-10-09 12:01:30	1	0	1	0
           473	2024-10-09 12:03:28	1	0	1	0
            57	2024-10-09 12:03:43	1	0	1	0
            80	2024-10-09 12:05:25	1	0	1	0
           385	2024-10-09 12:07:22	1	0	1	0
           605	2024-10-09 12:07:42	1	0	1	0
           602	2024-10-09 12:08:55	1	0	1	0
           551	2024-10-09 12:13:33	1	0	1	0
            48	2024-10-09 12:17:06	1	0	1	0
            58	2024-10-09 12:17:17	1	0	1	0
           471	2024-10-09 12:22:18	1	0	1	0
           118	2024-10-09 12:22:32	1	0	1	0
           605	2024-10-09 12:22:43	1	0	1	0
            57	2024-10-09 12:23:30	1	0	1	0
           142	2024-10-09 12:28:40	1	0	1	0
           551	2024-10-09 12:38:17	1	0	1	0
           641	2024-10-09 12:39:34	1	0	1	0
           602	2024-10-09 12:40:50	1	0	1	0
           473	2024-10-09 12:44:41	1	0	1	0
           118	2024-10-09 12:46:06	1	0	1	0
            80	2024-10-09 12:50:41	1	0	1	0
           472	2024-10-09 12:55:46	1	0	1	0
           145	2024-10-09 13:09:16	1	0	1	0
           401	2024-10-09 13:09:21	1	0	1	0
           144	2024-10-09 13:27:27	1	0	1	0
           332	2024-10-09 13:37:52	1	0	1	0
           144	2024-10-09 13:53:45	1	0	1	0
           145	2024-10-09 13:54:42	1	0	1	0
           401	2024-10-09 13:54:49	1	0	1	0
           332	2024-10-09 13:55:05	1	0	1	0
           379	2024-10-09 16:03:34	1	0	1	0
           536	2024-10-09 16:06:26	1	0	1	0
           181	2024-10-09 16:06:36	1	0	1	0
           241	2024-10-09 16:08:19	1	0	1	0
           527	2024-10-09 16:35:43	1	0	1	0
           180	2024-10-09 16:54:34	1	0	1	0
            57	2024-10-09 17:00:09	1	0	1	0
           641	2024-10-09 17:00:15	1	0	1	0
           385	2024-10-09 17:00:19	1	0	1	0
            48	2024-10-09 17:00:43	1	0	1	0
            58	2024-10-09 17:00:51	1	0	1	0
           471	2024-10-09 17:01:19	1	0	1	0
           605	2024-10-09 17:05:07	1	0	1	0
           473	2024-10-09 17:05:59	1	0	1	0
            80	2024-10-09 17:06:28	1	0	1	0
           369	2024-10-09 17:06:47	1	0	1	0
           551	2024-10-09 17:06:55	1	0	1	0
           118	2024-10-09 17:07:22	1	0	1	0
            91	2024-10-09 17:13:35	1	0	1	0
           142	2024-10-09 17:14:15	1	0	1	0
           185	2024-10-09 17:17:37	1	0	1	0
           605	2024-10-09 17:20:15	1	0	1	0
           473	2024-10-09 17:55:10	1	0	1	0
           471	2024-10-09 18:00:42	1	0	1	0
           401	2024-10-09 18:01:35	1	0	1	0
           332	2024-10-09 18:02:28	1	0	1	0
           145	2024-10-09 18:08:33	1	0	1	0
           144	2024-10-09 18:08:38	1	0	1	0
           472	2024-10-09 18:10:55	1	0	1	0
           181	2024-10-10 07:01:54	1	0	1	0
            58	2024-10-10 07:10:56	1	0	1	0
            48	2024-10-10 07:14:09	1	0	1	0
           641	2024-10-10 07:33:18	1	0	1	0
           551	2024-10-10 07:39:22	1	0	1	0
           118	2024-10-10 07:43:53	1	0	1	0
           473	2024-10-10 07:49:54	1	0	1	0
           142	2024-10-10 07:50:08	1	0	1	0
            80	2024-10-10 07:56:02	1	0	1	0
           472	2024-10-10 07:57:14	1	0	1	0
           471	2024-10-10 07:57:23	1	0	1	0
           605	2024-10-10 07:57:48	1	0	1	0
           369	2024-10-10 08:06:41	1	0	1	0
            57	2024-10-10 08:09:29	1	0	1	0
           401	2024-10-10 08:24:10	1	0	1	0
           332	2024-10-10 08:50:24	1	0	1	0
           144	2024-10-10 08:55:35	1	0	1	0
            91	2024-10-10 11:00:08	1	0	1	0
           536	2024-10-10 11:01:54	1	0	1	0
           527	2024-10-10 11:01:57	1	0	1	0
           379	2024-10-10 11:03:03	1	0	1	0
           241	2024-10-10 11:05:01	1	0	1	0
           181	2024-10-10 11:06:18	1	0	1	0
           180	2024-10-10 11:06:25	1	0	1	0
           185	2024-10-10 11:06:38	1	0	1	0
           527	2024-10-10 11:30:58	1	0	1	0
           385	2024-10-10 11:35:21	1	0	1	0
           241	2024-10-10 11:40:24	1	0	1	0
           181	2024-10-10 11:48:35	1	0	1	0
           180	2024-10-10 11:48:43	1	0	1	0
           536	2024-10-10 11:48:48	1	0	1	0
           379	2024-10-10 11:52:18	1	0	1	0
           185	2024-10-10 11:56:01	1	0	1	0
           142	2024-10-10 12:02:48	1	0	1	0
            57	2024-10-10 12:03:05	1	0	1	0
           641	2024-10-10 12:03:10	1	0	1	0
           471	2024-10-10 12:03:23	1	0	1	0
           472	2024-10-10 12:03:25	1	0	1	0
           605	2024-10-10 12:03:47	1	0	1	0
            91	2024-10-10 12:04:01	1	0	1	0
           118	2024-10-10 12:04:26	1	0	1	0
           602	2024-10-10 12:04:29	1	0	1	0
           369	2024-10-10 12:04:34	1	0	1	0
           385	2024-10-10 12:05:36	1	0	1	0
           473	2024-10-10 12:09:08	1	0	1	0
            58	2024-10-10 12:09:14	1	0	1	0
            48	2024-10-10 12:09:18	1	0	1	0
            80	2024-10-10 12:10:47	1	0	1	0
           551	2024-10-10 12:10:52	1	0	1	0
            57	2024-10-10 12:18:11	1	0	1	0
           641	2024-10-10 12:18:21	1	0	1	0
            48	2024-10-10 12:24:52	1	0	1	0
            58	2024-10-10 12:24:57	1	0	1	0
           473	2024-10-10 12:28:03	1	0	1	0
           602	2024-10-10 12:28:13	1	0	1	0
           605	2024-10-10 12:28:16	1	0	1	0
           472	2024-10-10 12:31:10	1	0	1	0
           118	2024-10-10 12:31:24	1	0	1	0
           471	2024-10-10 12:32:55	1	0	1	0
            80	2024-10-10 12:36:32	1	0	1	0
           551	2024-10-10 12:36:36	1	0	1	0
           369	2024-10-10 12:43:53	1	0	1	0
           142	2024-10-10 12:55:27	1	0	1	0
           332	2024-10-10 13:13:59	1	0	1	0
           332	2024-10-10 13:58:12	1	0	1	0
           536	2024-10-10 16:07:33	1	0	1	0
           379	2024-10-10 16:13:01	1	0	1	0
           180	2024-10-10 16:20:52	1	0	1	0
            57	2024-10-10 17:00:11	1	0	1	0
           471	2024-10-10 17:00:44	1	0	1	0
           473	2024-10-10 17:01:27	1	0	1	0
           472	2024-10-10 17:01:33	1	0	1	0
           602	2024-10-10 17:01:39	1	0	1	0
           605	2024-10-10 17:01:50	1	0	1	0
            58	2024-10-10 17:01:55	1	0	1	0
           385	2024-10-10 17:02:04	1	0	1	0
           641	2024-10-10 17:02:07	1	0	1	0
            48	2024-10-10 17:02:15	1	0	1	0
            91	2024-10-10 17:02:22	1	0	1	0
           118	2024-10-10 17:02:37	1	0	1	0
           527	2024-10-10 17:02:49	1	0	1	0
           185	2024-10-10 17:04:04	1	0	1	0
            80	2024-10-10 17:08:53	1	0	1	0
           142	2024-10-10 17:22:11	1	0	1	0
           551	2024-10-10 17:22:22	1	0	1	0
           181	2024-10-10 17:24:11	1	0	1	0
           241	2024-10-10 17:44:58	1	0	1	0
           144	2024-10-10 18:01:27	1	0	1	0
           401	2024-10-10 18:02:51	1	0	1	0
           332	2024-10-10 18:03:02	1	0	1	0
           369	2024-10-10 18:03:11	1	0	1	0
           385	2024-10-11 06:03:20	1	0	1	0
            58	2024-10-11 06:28:55	1	0	1	0
           118	2024-10-11 06:44:42	1	0	1	0
            91	2024-10-11 06:45:57	1	0	1	0
           527	2024-10-11 06:47:51	1	0	1	0
           241	2024-10-11 06:48:46	1	0	1	0
           180	2024-10-11 06:50:19	1	0	1	0
           181	2024-10-11 06:53:04	1	0	1	0
           379	2024-10-11 06:56:40	1	0	1	0
           536	2024-10-11 06:56:50	1	0	1	0
            48	2024-10-11 07:00:03	1	0	1	0
           602	2024-10-11 07:29:40	1	0	1	0
           551	2024-10-11 07:39:49	1	0	1	0
           142	2024-10-11 07:46:11	1	0	1	0
           473	2024-10-11 07:47:28	1	0	1	0
           605	2024-10-11 07:48:58	1	0	1	0
           369	2024-10-11 07:51:55	1	0	1	0
           401	2024-10-11 07:55:50	1	0	1	0
            80	2024-10-11 07:57:00	1	0	1	0
           472	2024-10-11 07:57:17	1	0	1	0
           471	2024-10-11 07:57:20	1	0	1	0
            57	2024-10-11 08:01:47	1	0	1	0
           145	2024-10-11 08:11:40	1	0	1	0
           332	2024-10-11 08:22:52	1	0	1	0
           144	2024-10-11 09:13:45	1	0	1	0
           661	2024-10-11 10:49:45	1	0	1	0
           379	2024-10-11 11:01:09	1	0	1	0
           527	2024-10-11 11:01:30	1	0	1	0
           181	2024-10-11 11:11:20	1	0	1	0
           185	2024-10-11 11:11:45	1	0	1	0
           536	2024-10-11 11:13:29	1	0	1	0
           180	2024-10-11 11:13:36	1	0	1	0
            91	2024-10-11 11:14:33	1	0	1	0
           241	2024-10-11 11:15:31	1	0	1	0
           379	2024-10-11 11:17:38	1	0	1	0
           527	2024-10-11 11:19:55	1	0	1	0
            91	2024-10-11 11:32:45	1	0	1	0
           181	2024-10-11 11:39:34	1	0	1	0
           385	2024-10-11 11:42:11	1	0	1	0
           185	2024-10-11 11:44:25	1	0	1	0
           536	2024-10-11 11:45:46	1	0	1	0
           241	2024-10-11 11:49:03	1	0	1	0
           180	2024-10-11 11:50:16	1	0	1	0
           471	2024-10-11 12:00:03	1	0	1	0
           118	2024-10-11 12:00:06	1	0	1	0
           551	2024-10-11 12:00:10	1	0	1	0
            80	2024-10-11 12:00:18	1	0	1	0
           605	2024-10-11 12:06:10	1	0	1	0
           602	2024-10-11 12:06:12	1	0	1	0
           142	2024-10-11 12:08:52	1	0	1	0
           473	2024-10-11 12:11:54	1	0	1	0
           472	2024-10-11 12:11:56	1	0	1	0
            48	2024-10-11 12:12:11	1	0	1	0
            58	2024-10-11 12:12:23	1	0	1	0
           369	2024-10-11 12:12:29	1	0	1	0
           551	2024-10-11 12:17:14	1	0	1	0
            80	2024-10-11 12:18:05	1	0	1	0
           471	2024-10-11 12:21:32	1	0	1	0
           385	2024-10-11 12:23:53	1	0	1	0
           142	2024-10-11 12:31:02	1	0	1	0
           369	2024-10-11 12:31:49	1	0	1	0
            57	2024-10-11 12:32:51	1	0	1	0
           473	2024-10-11 12:32:58	1	0	1	0
            58	2024-10-11 12:36:29	1	0	1	0
            48	2024-10-11 12:36:33	1	0	1	0
           602	2024-10-11 12:38:49	1	0	1	0
           605	2024-10-11 12:38:51	1	0	1	0
           118	2024-10-11 12:39:05	1	0	1	0
           472	2024-10-11 12:43:15	1	0	1	0
            57	2024-10-11 12:52:15	1	0	1	0
           401	2024-10-11 13:27:46	1	0	1	0
           332	2024-10-11 13:27:53	1	0	1	0
           332	2024-10-11 13:58:52	1	0	1	0
           241	2024-10-11 16:25:51	1	0	1	0
           185	2024-10-11 16:26:22	1	0	1	0
           181	2024-10-11 16:26:25	1	0	1	0
           180	2024-10-11 16:26:32	1	0	1	0
           536	2024-10-11 16:26:38	1	0	1	0
           527	2024-10-11 16:26:44	1	0	1	0
            91	2024-10-11 16:31:25	1	0	1	0
           379	2024-10-11 16:41:09	1	0	1	0
           385	2024-10-11 16:56:11	1	0	1	0
            57	2024-10-11 17:00:04	1	0	1	0
            58	2024-10-11 17:00:15	1	0	1	0
            48	2024-10-11 17:00:21	1	0	1	0
           471	2024-10-11 17:00:29	1	0	1	0
           472	2024-10-11 17:01:05	1	0	1	0
           605	2024-10-11 17:02:46	1	0	1	0
           118	2024-10-11 17:03:02	1	0	1	0
           602	2024-10-11 17:06:05	1	0	1	0
           473	2024-10-11 17:06:14	1	0	1	0
           369	2024-10-11 17:08:31	1	0	1	0
           142	2024-10-11 17:14:13	1	0	1	0
            80	2024-10-11 17:21:06	1	0	1	0
           551	2024-10-11 17:27:52	1	0	1	0
           332	2024-10-11 18:00:05	1	0	1	0
           401	2024-10-11 18:08:11	1	0	1	0
           145	2024-10-11 18:08:22	1	0	1	0
           385	2024-10-14 05:56:46	1	0	1	0
            58	2024-10-14 06:24:27	1	0	1	0
           527	2024-10-14 06:50:38	1	0	1	0
           180	2024-10-14 06:50:55	1	0	1	0
            91	2024-10-14 06:51:05	1	0	1	0
           185	2024-10-14 06:51:15	1	0	1	0
           536	2024-10-14 06:53:52	1	0	1	0
           379	2024-10-14 06:55:00	1	0	1	0
           602	2024-10-14 06:58:34	1	0	1	0
           181	2024-10-14 07:01:16	1	0	1	0
            48	2024-10-14 07:11:22	1	0	1	0
           241	2024-10-14 07:28:52	1	0	1	0
           473	2024-10-14 07:30:41	1	0	1	0
           641	2024-10-14 07:33:07	1	0	1	0
           551	2024-10-14 07:33:46	1	0	1	0
           661	2024-10-14 07:34:46	1	0	1	0
           118	2024-10-14 07:35:31	1	0	1	0
           369	2024-10-14 07:36:37	1	0	1	0
            57	2024-10-14 07:52:21	1	0	1	0
           471	2024-10-14 07:52:47	1	0	1	0
           472	2024-10-14 07:53:11	1	0	1	0
            80	2024-10-14 07:57:49	1	0	1	0
           145	2024-10-14 07:57:58	1	0	1	0
           605	2024-10-14 08:03:15	1	0	1	0
           142	2024-10-14 08:09:28	1	0	1	0
           401	2024-10-14 09:13:51	1	0	1	0
           332	2024-10-14 09:27:33	1	0	1	0
           180	2024-10-14 11:01:38	1	0	1	0
           527	2024-10-14 11:03:17	1	0	1	0
           185	2024-10-14 11:03:21	1	0	1	0
           379	2024-10-14 11:03:50	1	0	1	0
           181	2024-10-14 11:06:43	1	0	1	0
           536	2024-10-14 11:06:46	1	0	1	0
            91	2024-10-14 11:08:12	1	0	1	0
           241	2024-10-14 11:08:17	1	0	1	0
           181	2024-10-14 11:34:18	1	0	1	0
           185	2024-10-14 11:34:36	1	0	1	0
           527	2024-10-14 11:34:42	1	0	1	0
           385	2024-10-14 11:34:46	1	0	1	0
           180	2024-10-14 11:38:59	1	0	1	0
           536	2024-10-14 11:39:02	1	0	1	0
            91	2024-10-14 11:40:32	1	0	1	0
           241	2024-10-14 11:40:39	1	0	1	0
           379	2024-10-14 11:52:24	1	0	1	0
           641	2024-10-14 12:00:07	1	0	1	0
           385	2024-10-14 12:00:11	1	0	1	0
           142	2024-10-14 12:01:34	1	0	1	0
           369	2024-10-14 12:03:08	1	0	1	0
           605	2024-10-14 12:04:04	1	0	1	0
           602	2024-10-14 12:04:15	1	0	1	0
           473	2024-10-14 12:04:17	1	0	1	0
           661	2024-10-14 12:04:34	1	0	1	0
            57	2024-10-14 12:05:46	1	0	1	0
            48	2024-10-14 12:06:03	1	0	1	0
            58	2024-10-14 12:06:11	1	0	1	0
           118	2024-10-14 12:06:27	1	0	1	0
           472	2024-10-14 12:08:51	1	0	1	0
           471	2024-10-14 12:08:58	1	0	1	0
           551	2024-10-14 12:10:04	1	0	1	0
            80	2024-10-14 12:10:09	1	0	1	0
           369	2024-10-14 12:19:59	1	0	1	0
           473	2024-10-14 12:23:05	1	0	1	0
           661	2024-10-14 12:23:12	1	0	1	0
           605	2024-10-14 12:23:16	1	0	1	0
           118	2024-10-14 12:24:36	1	0	1	0
            48	2024-10-14 12:25:34	1	0	1	0
            58	2024-10-14 12:25:52	1	0	1	0
            57	2024-10-14 12:26:05	1	0	1	0
            80	2024-10-14 12:27:55	1	0	1	0
           551	2024-10-14 12:28:10	1	0	1	0
           641	2024-10-14 12:29:47	1	0	1	0
           471	2024-10-14 12:31:42	1	0	1	0
           472	2024-10-14 12:32:19	1	0	1	0
           602	2024-10-14 12:35:09	1	0	1	0
           401	2024-10-14 13:04:39	1	0	1	0
           332	2024-10-14 13:04:49	1	0	1	0
           145	2024-10-14 13:21:14	1	0	1	0
           144	2024-10-14 13:51:46	1	0	1	0
           145	2024-10-14 13:52:20	1	0	1	0
           401	2024-10-14 13:52:25	1	0	1	0
           332	2024-10-14 13:57:34	1	0	1	0
           379	2024-10-14 16:05:29	1	0	1	0
           536	2024-10-14 16:07:50	1	0	1	0
           527	2024-10-14 16:09:29	1	0	1	0
            91	2024-10-14 16:13:45	1	0	1	0
           185	2024-10-14 16:14:10	1	0	1	0
           241	2024-10-14 16:30:40	1	0	1	0
           180	2024-10-14 16:34:07	1	0	1	0
           181	2024-10-14 16:35:17	1	0	1	0
           369	2024-10-14 16:50:31	1	0	1	0
            57	2024-10-14 17:00:17	1	0	1	0
            48	2024-10-14 17:00:22	1	0	1	0
            58	2024-10-14 17:00:29	1	0	1	0
           473	2024-10-14 17:00:35	1	0	1	0
           472	2024-10-14 17:01:08	1	0	1	0
           641	2024-10-14 17:02:00	1	0	1	0
           385	2024-10-14 17:02:04	1	0	1	0
           471	2024-10-14 17:02:12	1	0	1	0
           661	2024-10-14 17:02:49	1	0	1	0
           118	2024-10-14 17:02:54	1	0	1	0
           605	2024-10-14 17:03:21	1	0	1	0
           602	2024-10-14 17:03:28	1	0	1	0
           551	2024-10-14 17:22:05	1	0	1	0
            80	2024-10-14 17:24:44	1	0	1	0
           401	2024-10-14 17:58:23	1	0	1	0
           332	2024-10-14 18:01:05	1	0	1	0
           145	2024-10-14 18:05:11	1	0	1	0
           144	2024-10-14 18:40:05	1	0	1	0
           385	2024-10-15 06:07:07	1	0	1	0
            91	2024-10-15 06:51:24	1	0	1	0
           536	2024-10-15 06:51:29	1	0	1	0
           185	2024-10-15 06:51:41	1	0	1	0
           180	2024-10-15 06:53:28	1	0	1	0
           527	2024-10-15 06:54:20	1	0	1	0
           241	2024-10-15 06:54:48	1	0	1	0
           379	2024-10-15 06:57:20	1	0	1	0
            48	2024-10-15 07:08:54	1	0	1	0
           181	2024-10-15 07:08:59	1	0	1	0
           661	2024-10-15 07:30:08	1	0	1	0
           602	2024-10-15 07:37:35	1	0	1	0
           473	2024-10-15 07:37:57	1	0	1	0
           118	2024-10-15 07:42:54	1	0	1	0
           551	2024-10-15 07:46:22	1	0	1	0
           641	2024-10-15 07:46:45	1	0	1	0
           471	2024-10-15 07:48:31	1	0	1	0
           472	2024-10-15 07:48:43	1	0	1	0
           605	2024-10-15 07:52:48	1	0	1	0
            80	2024-10-15 07:54:11	1	0	1	0
           369	2024-10-15 07:56:18	1	0	1	0
           142	2024-10-15 07:57:07	1	0	1	0
            57	2024-10-15 08:03:14	1	0	1	0
           145	2024-10-15 08:37:46	1	0	1	0
           401	2024-10-15 08:44:12	1	0	1	0
           144	2024-10-15 08:54:57	1	0	1	0
           332	2024-10-15 09:38:15	1	0	1	0
           181	2024-10-15 11:00:27	1	0	1	0
           185	2024-10-15 11:00:30	1	0	1	0
           379	2024-10-15 11:01:48	1	0	1	0
            91	2024-10-15 11:02:05	1	0	1	0
           536	2024-10-15 11:03:12	1	0	1	0
           527	2024-10-15 11:03:16	1	0	1	0
           180	2024-10-15 11:07:48	1	0	1	0
           241	2024-10-15 11:11:30	1	0	1	0
           536	2024-10-15 11:22:52	1	0	1	0
           385	2024-10-15 11:31:49	1	0	1	0
            91	2024-10-15 11:32:04	1	0	1	0
           241	2024-10-15 11:32:10	1	0	1	0
           180	2024-10-15 11:39:40	1	0	1	0
           527	2024-10-15 11:46:31	1	0	1	0
           181	2024-10-15 11:51:18	1	0	1	0
           185	2024-10-15 11:51:23	1	0	1	0
           379	2024-10-15 11:59:27	1	0	1	0
            57	2024-10-15 12:00:13	1	0	1	0
           369	2024-10-15 12:00:50	1	0	1	0
            48	2024-10-15 12:01:05	1	0	1	0
           142	2024-10-15 12:01:53	1	0	1	0
           641	2024-10-15 12:03:20	1	0	1	0
           551	2024-10-15 12:03:38	1	0	1	0
           661	2024-10-15 12:04:22	1	0	1	0
           118	2024-10-15 12:04:54	1	0	1	0
           471	2024-10-15 12:04:58	1	0	1	0
           472	2024-10-15 12:05:15	1	0	1	0
           602	2024-10-15 12:06:41	1	0	1	0
           605	2024-10-15 12:06:46	1	0	1	0
            57	2024-10-15 12:15:22	1	0	1	0
           473	2024-10-15 12:15:42	1	0	1	0
            48	2024-10-15 12:16:57	1	0	1	0
           661	2024-10-15 12:21:36	1	0	1	0
           471	2024-10-15 12:23:01	1	0	1	0
           472	2024-10-15 12:23:04	1	0	1	0
           641	2024-10-15 12:27:52	1	0	1	0
           369	2024-10-15 12:29:43	1	0	1	0
           118	2024-10-15 12:39:43	1	0	1	0
           473	2024-10-15 12:40:14	1	0	1	0
           602	2024-10-15 12:40:17	1	0	1	0
           605	2024-10-15 12:40:43	1	0	1	0
           551	2024-10-15 12:49:19	1	0	1	0
           142	2024-10-15 12:54:13	1	0	1	0
           332	2024-10-15 13:00:05	1	0	1	0
           145	2024-10-15 13:25:39	1	0	1	0
           332	2024-10-15 13:25:45	1	0	1	0
           401	2024-10-15 13:25:52	1	0	1	0
           145	2024-10-15 13:55:18	1	0	1	0
           401	2024-10-15 13:55:22	1	0	1	0
           144	2024-10-15 13:57:14	1	0	1	0
           536	2024-10-15 16:06:17	1	0	1	0
           379	2024-10-15 16:06:42	1	0	1	0
            91	2024-10-15 16:06:56	1	0	1	0
           180	2024-10-15 16:10:02	1	0	1	0
           527	2024-10-15 16:20:14	1	0	1	0
           185	2024-10-15 16:33:29	1	0	1	0
           241	2024-10-15 16:38:46	1	0	1	0
            57	2024-10-15 17:00:07	1	0	1	0
            48	2024-10-15 17:00:16	1	0	1	0
           641	2024-10-15 17:00:35	1	0	1	0
           385	2024-10-15 17:00:42	1	0	1	0
           471	2024-10-15 17:00:56	1	0	1	0
           473	2024-10-15 17:01:00	1	0	1	0
           472	2024-10-15 17:01:04	1	0	1	0
           118	2024-10-15 17:01:33	1	0	1	0
           602	2024-10-15 17:01:58	1	0	1	0
           605	2024-10-15 17:02:01	1	0	1	0
           181	2024-10-15 17:04:42	1	0	1	0
            80	2024-10-15 17:15:32	1	0	1	0
           142	2024-10-15 17:22:24	1	0	1	0
           369	2024-10-15 17:32:05	1	0	1	0
           661	2024-10-15 18:01:48	1	0	1	0
           145	2024-10-15 18:02:37	1	0	1	0
           401	2024-10-15 18:02:45	1	0	1	0
           144	2024-10-15 18:02:48	1	0	1	0
           332	2024-10-15 18:02:59	1	0	1	0
           551	2024-10-15 19:42:05	1	0	1	0
           385	2024-10-16 05:38:55	1	0	1	0
           551	2024-10-16 06:32:42	1	0	1	0
           527	2024-10-16 06:48:43	1	0	1	0
            91	2024-10-16 06:49:00	1	0	1	0
           185	2024-10-16 06:49:26	1	0	1	0
           180	2024-10-16 06:53:24	1	0	1	0
           241	2024-10-16 06:53:58	1	0	1	0
           181	2024-10-16 06:55:35	1	0	1	0
           379	2024-10-16 06:58:30	1	0	1	0
           536	2024-10-16 06:59:07	1	0	1	0
            48	2024-10-16 07:11:16	1	0	1	0
           641	2024-10-16 07:24:17	1	0	1	0
           661	2024-10-16 07:31:29	1	0	1	0
           118	2024-10-16 07:34:40	1	0	1	0
            80	2024-10-16 07:42:08	1	0	1	0
           369	2024-10-16 07:46:53	1	0	1	0
           605	2024-10-16 07:47:07	1	0	1	0
           602	2024-10-16 07:47:56	1	0	1	0
           471	2024-10-16 07:55:34	1	0	1	0
           472	2024-10-16 07:55:40	1	0	1	0
            57	2024-10-16 08:00:30	1	0	1	0
           142	2024-10-16 08:04:00	1	0	1	0
           473	2024-10-16 08:07:05	1	0	1	0
           145	2024-10-16 08:34:07	1	0	1	0
           144	2024-10-16 09:03:23	1	0	1	0
           401	2024-10-16 09:07:57	1	0	1	0
           379	2024-10-16 11:03:34	1	0	1	0
           180	2024-10-16 11:05:36	1	0	1	0
           536	2024-10-16 11:06:30	1	0	1	0
           527	2024-10-16 11:08:43	1	0	1	0
           181	2024-10-16 11:14:18	1	0	1	0
           185	2024-10-16 11:19:38	1	0	1	0
           180	2024-10-16 11:24:51	1	0	1	0
           379	2024-10-16 11:24:57	1	0	1	0
           385	2024-10-16 11:32:52	1	0	1	0
           527	2024-10-16 11:35:05	1	0	1	0
           385	2024-10-16 11:52:43	1	0	1	0
           185	2024-10-16 11:57:14	1	0	1	0
           181	2024-10-16 11:57:19	1	0	1	0
           536	2024-10-16 11:59:52	1	0	1	0
            80	2024-10-16 12:01:28	1	0	1	0
           551	2024-10-16 12:01:31	1	0	1	0
           471	2024-10-16 12:01:40	1	0	1	0
           605	2024-10-16 12:01:51	1	0	1	0
           142	2024-10-16 12:02:17	1	0	1	0
           473	2024-10-16 12:03:20	1	0	1	0
           661	2024-10-16 12:04:37	1	0	1	0
           118	2024-10-16 12:07:23	1	0	1	0
           472	2024-10-16 12:07:25	1	0	1	0
           641	2024-10-16 12:08:16	1	0	1	0
            48	2024-10-16 12:09:09	1	0	1	0
           602	2024-10-16 12:14:47	1	0	1	0
           551	2024-10-16 12:21:15	1	0	1	0
            80	2024-10-16 12:21:21	1	0	1	0
           473	2024-10-16 12:24:05	1	0	1	0
            48	2024-10-16 12:24:19	1	0	1	0
           661	2024-10-16 12:26:05	1	0	1	0
           471	2024-10-16 12:28:00	1	0	1	0
           472	2024-10-16 12:29:11	1	0	1	0
           118	2024-10-16 12:30:08	1	0	1	0
            57	2024-10-16 12:39:20	1	0	1	0
           602	2024-10-16 12:44:44	1	0	1	0
            57	2024-10-16 12:54:37	1	0	1	0
           142	2024-10-16 12:56:21	1	0	1	0
           605	2024-10-16 12:59:23	1	0	1	0
           144	2024-10-16 13:09:39	1	0	1	0
           332	2024-10-16 13:15:33	1	0	1	0
           332	2024-10-16 13:56:35	1	0	1	0
           536	2024-10-16 16:04:48	1	0	1	0
            91	2024-10-16 16:16:09	1	0	1	0
           379	2024-10-16 16:22:03	1	0	1	0
           180	2024-10-16 16:25:13	1	0	1	0
           181	2024-10-16 16:38:39	1	0	1	0
            57	2024-10-16 17:00:04	1	0	1	0
            48	2024-10-16 17:00:08	1	0	1	0
           641	2024-10-16 17:02:41	1	0	1	0
           471	2024-10-16 17:03:25	1	0	1	0
           369	2024-10-16 17:04:35	1	0	1	0
           472	2024-10-16 17:05:03	1	0	1	0
           385	2024-10-16 17:05:37	1	0	1	0
           142	2024-10-16 17:05:55	1	0	1	0
            80	2024-10-16 17:09:51	1	0	1	0
           185	2024-10-16 17:11:47	1	0	1	0
           118	2024-10-16 17:15:28	1	0	1	0
           602	2024-10-16 17:16:11	1	0	1	0
           473	2024-10-16 17:16:13	1	0	1	0
           661	2024-10-16 17:16:24	1	0	1	0
           605	2024-10-16 17:16:32	1	0	1	0
           241	2024-10-16 17:25:24	1	0	1	0
           527	2024-10-16 17:42:41	1	0	1	0
           145	2024-10-16 18:01:35	1	0	1	0
           401	2024-10-16 18:01:44	1	0	1	0
           332	2024-10-16 18:02:16	1	0	1	0
           144	2024-10-16 18:06:59	1	0	1	0
           551	2024-10-16 19:56:13	1	0	1	0
           385	2024-10-17 05:57:31	1	0	1	0
           241	2024-10-17 06:11:01	1	0	1	0
           527	2024-10-17 06:54:23	1	0	1	0
           185	2024-10-17 06:54:39	1	0	1	0
            91	2024-10-17 06:54:45	1	0	1	0
           379	2024-10-17 06:54:57	1	0	1	0
           536	2024-10-17 06:57:46	1	0	1	0
           181	2024-10-17 07:05:49	1	0	1	0
            48	2024-10-17 07:10:01	1	0	1	0
           661	2024-10-17 07:17:53	1	0	1	0
           473	2024-10-17 07:27:32	1	0	1	0
           641	2024-10-17 07:34:49	1	0	1	0
           551	2024-10-17 07:35:00	1	0	1	0
           471	2024-10-17 07:35:55	1	0	1	0
           472	2024-10-17 07:36:15	1	0	1	0
           118	2024-10-17 07:36:45	1	0	1	0
           602	2024-10-17 07:46:22	1	0	1	0
           605	2024-10-17 07:46:43	1	0	1	0
           142	2024-10-17 07:54:21	1	0	1	0
            80	2024-10-17 07:55:54	1	0	1	0
            57	2024-10-17 08:01:21	1	0	1	0
           369	2024-10-17 08:05:20	1	0	1	0
           145	2024-10-17 08:19:22	1	0	1	0
           379	2024-10-17 11:01:52	1	0	1	0
           181	2024-10-17 11:04:20	1	0	1	0
           185	2024-10-17 11:04:25	1	0	1	0
           527	2024-10-17 11:04:30	1	0	1	0
           536	2024-10-17 11:04:41	1	0	1	0
            91	2024-10-17 11:06:00	1	0	1	0
           241	2024-10-17 11:06:33	1	0	1	0
           536	2024-10-17 11:22:02	1	0	1	0
           385	2024-10-17 11:33:39	1	0	1	0
           185	2024-10-17 11:39:48	1	0	1	0
           527	2024-10-17 11:39:53	1	0	1	0
            91	2024-10-17 11:44:04	1	0	1	0
           241	2024-10-17 11:44:20	1	0	1	0
           181	2024-10-17 11:52:51	1	0	1	0
           379	2024-10-17 11:57:46	1	0	1	0
            57	2024-10-17 12:00:07	1	0	1	0
           471	2024-10-17 12:01:00	1	0	1	0
           661	2024-10-17 12:02:34	1	0	1	0
           641	2024-10-17 12:02:44	1	0	1	0
           551	2024-10-17 12:04:36	1	0	1	0
            80	2024-10-17 12:04:40	1	0	1	0
           472	2024-10-17 12:08:21	1	0	1	0
           602	2024-10-17 12:08:25	1	0	1	0
           473	2024-10-17 12:08:31	1	0	1	0
           142	2024-10-17 12:08:46	1	0	1	0
           118	2024-10-17 12:09:12	1	0	1	0
            48	2024-10-17 12:13:45	1	0	1	0
            57	2024-10-17 12:17:15	1	0	1	0
           471	2024-10-17 12:18:20	1	0	1	0
           641	2024-10-17 12:18:50	1	0	1	0
           605	2024-10-17 12:19:53	1	0	1	0
           118	2024-10-17 12:25:02	1	0	1	0
            80	2024-10-17 12:26:45	1	0	1	0
           551	2024-10-17 12:26:48	1	0	1	0
           369	2024-10-17 12:28:53	1	0	1	0
           661	2024-10-17 12:36:40	1	0	1	0
           472	2024-10-17 12:36:47	1	0	1	0
           605	2024-10-17 12:36:54	1	0	1	0
            48	2024-10-17 12:43:06	1	0	1	0
           602	2024-10-17 12:50:19	1	0	1	0
           369	2024-10-17 12:50:35	1	0	1	0
           142	2024-10-17 12:59:31	1	0	1	0
           145	2024-10-17 13:11:16	1	0	1	0
           144	2024-10-17 13:11:21	1	0	1	0
           401	2024-10-17 13:11:26	1	0	1	0
           332	2024-10-17 13:19:22	1	0	1	0
           144	2024-10-17 13:27:23	1	0	1	0
           332	2024-10-17 13:36:25	1	0	1	0
           413	2024-10-18 07:01:54	1	0	4	0
           536	2024-10-18 07:02:04	1	0	1	0
           181	2024-10-18 07:05:11	1	0	1	0
            48	2024-10-18 07:05:47	1	0	1	0
           661	2024-10-18 07:30:58	1	0	1	0
           641	2024-10-18 07:36:13	1	0	1	0
           602	2024-10-18 07:44:17	1	0	1	0
           118	2024-10-18 07:47:02	1	0	1	0
           605	2024-10-18 07:47:53	1	0	1	0
           471	2024-10-18 07:50:36	1	0	1	0
           472	2024-10-18 07:50:58	1	0	1	0
           369	2024-10-18 07:51:39	1	0	1	0
            80	2024-10-18 07:54:12	1	0	1	0
           142	2024-10-18 07:54:31	1	0	1	0
           473	2024-10-18 07:55:55	1	0	1	0
            57	2024-10-18 08:07:07	1	0	1	0
           145	2024-10-18 08:32:36	1	0	1	0
           332	2024-10-18 08:48:23	1	0	1	0
           144	2024-10-18 09:01:26	1	0	1	0
           401	2024-10-18 09:08:12	1	0	1	0
           181	2024-10-18 11:00:37	1	0	1	0
           379	2024-10-18 11:00:48	1	0	1	0
           180	2024-10-18 11:01:03	1	0	1	0
           527	2024-10-18 11:01:36	1	0	1	0
           536	2024-10-18 11:02:55	1	0	1	0
            91	2024-10-18 11:06:02	1	0	1	0
           241	2024-10-18 11:06:07	1	0	1	0
           379	2024-10-18 11:18:48	1	0	1	0
           180	2024-10-18 11:19:14	1	0	1	0
           527	2024-10-18 11:20:36	1	0	1	0
           185	2024-10-18 11:34:37	1	0	1	0
           385	2024-10-18 11:35:58	1	0	1	0
           536	2024-10-18 11:38:01	1	0	1	0
            91	2024-10-18 11:48:41	1	0	1	0
           241	2024-10-18 11:48:47	1	0	1	0
           181	2024-10-18 11:58:46	1	0	1	0
           185	2024-10-18 11:58:57	1	0	1	0
            57	2024-10-18 12:00:05	1	0	1	0
            80	2024-10-18 12:00:09	1	0	1	0
           551	2024-10-18 12:00:16	1	0	1	0
           385	2024-10-18 12:00:21	1	0	1	0
           641	2024-10-18 12:00:27	1	0	1	0
           369	2024-10-18 12:02:35	1	0	1	0
           471	2024-10-18 12:03:10	1	0	1	0
           473	2024-10-18 12:03:23	1	0	1	0
           472	2024-10-18 12:03:26	1	0	1	0
           605	2024-10-18 12:03:34	1	0	1	0
           602	2024-10-18 12:03:52	1	0	1	0
           118	2024-10-18 12:04:48	1	0	1	0
            48	2024-10-18 12:05:23	1	0	1	0
           142	2024-10-18 12:06:18	1	0	1	0
            57	2024-10-18 12:17:10	1	0	1	0
           473	2024-10-18 12:22:28	1	0	1	0
           605	2024-10-18 12:22:36	1	0	1	0
            48	2024-10-18 12:31:35	1	0	1	0
           641	2024-10-18 12:35:29	1	0	1	0
           471	2024-10-18 12:38:57	1	0	1	0
           472	2024-10-18 12:38:59	1	0	1	0
           118	2024-10-18 12:39:02	1	0	1	0
           369	2024-10-18 12:41:39	1	0	1	0
           602	2024-10-18 12:45:03	1	0	1	0
            80	2024-10-18 12:48:46	1	0	1	0
           551	2024-10-18 12:48:50	1	0	1	0
           142	2024-10-18 12:54:28	1	0	1	0
           332	2024-10-18 13:06:05	1	0	1	0
           145	2024-10-18 13:06:25	1	0	1	0
           401	2024-10-18 13:06:30	1	0	1	0
           144	2024-10-18 13:34:54	1	0	1	0
           332	2024-10-18 13:50:46	1	0	1	0
           401	2024-10-18 13:51:08	1	0	1	0
           144	2024-10-18 13:59:38	1	0	1	0
           536	2024-10-18 16:05:33	1	0	1	0
           379	2024-10-18 16:06:53	1	0	1	0
           180	2024-10-18 16:23:39	1	0	1	0
           185	2024-10-18 16:23:45	1	0	1	0
           241	2024-10-18 16:42:52	1	0	1	0
           181	2024-10-18 16:44:55	1	0	1	0
            57	2024-10-18 17:00:13	1	0	1	0
           472	2024-10-18 17:00:20	1	0	1	0
           142	2024-10-18 17:01:04	1	0	1	0
           471	2024-10-18 17:01:25	1	0	1	0
           369	2024-10-18 17:02:10	1	0	1	0
           473	2024-10-18 17:04:28	1	0	1	0
           602	2024-10-18 17:05:18	1	0	1	0
           661	2024-10-18 17:06:44	1	0	1	0
            80	2024-10-18 17:08:14	1	0	1	0
            91	2024-10-18 17:08:33	1	0	1	0
           605	2024-10-18 17:09:06	1	0	1	0
            48	2024-10-18 17:28:18	1	0	1	0
           641	2024-10-18 17:30:45	1	0	1	0
           385	2024-10-18 17:42:58	1	0	1	0
           332	2024-10-18 18:01:03	1	0	1	0
           145	2024-10-18 18:02:24	1	0	1	0
           401	2024-10-18 18:02:37	1	0	1	0
           144	2024-10-18 18:02:58	1	0	1	0
           527	2024-10-18 19:00:17	1	0	1	0
           551	2024-10-18 19:02:09	1	0	1	0
           118	2024-10-18 19:04:19	1	0	1	0
           385	2024-10-19 07:30:38	1	0	1	0
           385	2024-10-19 11:30:36	1	0	1	0
           385	2024-10-19 12:39:21	1	0	1	0
           385	2024-10-19 17:06:10	1	0	1	0
           385	2024-10-20 05:27:52	1	0	1	0
           385	2024-10-20 11:40:17	1	0	1	0
           385	2024-10-20 12:07:48	1	0	1	0
           385	2024-10-20 17:00:07	1	0	1	0
           385	2024-10-21 06:00:29	1	0	1	0
            58	2024-10-21 06:21:43	1	0	1	0
           185	2024-10-21 06:40:43	1	0	1	0
           379	2024-10-21 06:52:22	1	0	1	0
           241	2024-10-21 06:55:09	1	0	1	0
           180	2024-10-21 06:56:09	1	0	1	0
           602	2024-10-21 06:56:50	1	0	1	0
           181	2024-10-21 07:00:30	1	0	1	0
            48	2024-10-21 07:10:47	1	0	1	0
           661	2024-10-21 07:21:47	1	0	1	0
           605	2024-10-21 07:42:27	1	0	1	0
           369	2024-10-21 07:45:18	1	0	1	0
           142	2024-10-21 07:51:20	1	0	1	0
           471	2024-10-21 07:53:48	1	0	1	0
           472	2024-10-21 07:54:23	1	0	1	0
            80	2024-10-21 07:57:07	1	0	1	0
            57	2024-10-21 08:04:26	1	0	1	0
           401	2024-10-21 08:28:19	1	0	1	0
           145	2024-10-21 08:29:37	1	0	1	0
           332	2024-10-21 08:58:07	1	0	1	0
           180	2024-10-21 11:01:13	1	0	1	0
           379	2024-10-21 11:01:17	1	0	1	0
           536	2024-10-21 11:01:28	1	0	1	0
           185	2024-10-21 11:02:44	1	0	1	0
           241	2024-10-21 11:07:38	1	0	1	0
           379	2024-10-21 11:18:26	1	0	1	0
           536	2024-10-21 11:19:39	1	0	1	0
           181	2024-10-21 11:34:52	1	0	1	0
           185	2024-10-21 11:35:23	1	0	1	0
           180	2024-10-21 11:38:45	1	0	1	0
           385	2024-10-21 11:38:49	1	0	1	0
           241	2024-10-21 11:42:23	1	0	1	0
           181	2024-10-21 11:54:15	1	0	1	0
           471	2024-10-21 12:00:03	1	0	1	0
           472	2024-10-21 12:00:10	1	0	1	0
           605	2024-10-21 12:00:19	1	0	1	0
           602	2024-10-21 12:00:21	1	0	1	0
           661	2024-10-21 12:01:29	1	0	1	0
           142	2024-10-21 12:01:40	1	0	1	0
            57	2024-10-21 12:01:47	1	0	1	0
           369	2024-10-21 12:01:54	1	0	1	0
            48	2024-10-21 12:02:48	1	0	1	0
           385	2024-10-21 12:02:54	1	0	1	0
            58	2024-10-21 12:03:07	1	0	1	0
            80	2024-10-21 12:12:37	1	0	1	0
            57	2024-10-21 12:18:42	1	0	1	0
            48	2024-10-21 12:18:54	1	0	1	0
            58	2024-10-21 12:19:11	1	0	1	0
           369	2024-10-21 12:19:17	1	0	1	0
            80	2024-10-21 12:27:46	1	0	1	0
           661	2024-10-21 12:28:21	1	0	1	0
           472	2024-10-21 12:30:04	1	0	1	0
           471	2024-10-21 12:30:09	1	0	1	0
           605	2024-10-21 12:36:47	1	0	1	0
           602	2024-10-21 12:51:13	1	0	1	0
           142	2024-10-21 12:55:08	1	0	1	0
           401	2024-10-21 13:01:04	1	0	1	0
           332	2024-10-21 13:01:11	1	0	1	0
           413	2024-10-21 13:09:05	1	0	4	0
           145	2024-10-21 13:10:08	1	0	1	0
           332	2024-10-21 13:19:39	1	0	1	0
           401	2024-10-21 13:19:50	1	0	1	0
           536	2024-10-21 16:04:36	1	0	1	0
           379	2024-10-21 16:09:26	1	0	1	0
           181	2024-10-21 16:25:11	1	0	1	0
           185	2024-10-21 16:52:47	1	0	1	0
            57	2024-10-21 17:00:09	1	0	1	0
            58	2024-10-21 17:00:16	1	0	1	0
            48	2024-10-21 17:00:20	1	0	1	0
           471	2024-10-21 17:00:27	1	0	1	0
           241	2024-10-21 17:01:18	1	0	1	0
           602	2024-10-21 17:01:25	1	0	1	0
           605	2024-10-21 17:01:53	1	0	1	0
           472	2024-10-21 17:02:10	1	0	1	0
           661	2024-10-21 17:02:15	1	0	1	0
           180	2024-10-21 17:02:33	1	0	1	0
           142	2024-10-21 17:04:54	1	0	1	0
           385	2024-10-21 17:06:17	1	0	1	0
            80	2024-10-21 17:16:32	1	0	1	0
           369	2024-10-21 17:19:40	1	0	1	0
           145	2024-10-21 18:02:38	1	0	1	0
           401	2024-10-21 18:07:36	1	0	1	0
           332	2024-10-21 18:07:44	1	0	1	0
            58	2024-10-22 06:27:46	1	0	1	0
           385	2024-10-22 06:34:02	1	0	1	0
           185	2024-10-22 06:43:45	1	0	1	0
           379	2024-10-22 06:47:55	1	0	1	0
           536	2024-10-22 06:48:42	1	0	1	0
           180	2024-10-22 06:52:59	1	0	1	0
           241	2024-10-22 07:00:03	1	0	1	0
           181	2024-10-22 07:00:14	1	0	1	0
            48	2024-10-22 07:10:39	1	0	1	0
           641	2024-10-22 07:30:56	1	0	1	0
           473	2024-10-22 07:34:36	1	0	1	0
           602	2024-10-22 07:38:39	1	0	1	0
           661	2024-10-22 07:42:21	1	0	1	0
           142	2024-10-22 07:55:54	1	0	1	0
           471	2024-10-22 07:56:00	1	0	1	0
           472	2024-10-22 07:56:03	1	0	1	0
           605	2024-10-22 08:00:08	1	0	1	0
            80	2024-10-22 08:01:36	1	0	1	0
            57	2024-10-22 08:03:33	1	0	1	0
           145	2024-10-22 08:43:35	1	0	1	0
           332	2024-10-22 08:56:12	1	0	1	0
           369	2024-10-22 08:56:29	1	0	1	0
           401	2024-10-22 09:28:17	1	0	1	0
           144	2024-10-22 09:57:59	1	0	1	0
           379	2024-10-22 11:01:03	1	0	1	0
           180	2024-10-22 11:04:48	1	0	1	0
           181	2024-10-22 11:05:00	1	0	1	0
           536	2024-10-22 11:05:05	1	0	1	0
           185	2024-10-22 11:05:16	1	0	1	0
           241	2024-10-22 11:08:22	1	0	1	0
           180	2024-10-22 11:19:56	1	0	1	0
           385	2024-10-22 11:32:47	1	0	1	0
           379	2024-10-22 11:40:13	1	0	1	0
           241	2024-10-22 11:46:30	1	0	1	0
           536	2024-10-22 11:49:20	1	0	1	0
           185	2024-10-22 11:54:24	1	0	1	0
           181	2024-10-22 11:56:50	1	0	1	0
            57	2024-10-22 12:00:09	1	0	1	0
            48	2024-10-22 12:00:17	1	0	1	0
            58	2024-10-22 12:00:25	1	0	1	0
           369	2024-10-22 12:00:34	1	0	1	0
           661	2024-10-22 12:01:32	1	0	1	0
           473	2024-10-22 12:01:35	1	0	1	0
           641	2024-10-22 12:01:58	1	0	1	0
           605	2024-10-22 12:02:35	1	0	1	0
           471	2024-10-22 12:03:15	1	0	1	0
           472	2024-10-22 12:08:15	1	0	1	0
           385	2024-10-22 12:11:55	1	0	1	0
            80	2024-10-22 12:14:42	1	0	1	0
           142	2024-10-22 12:15:06	1	0	1	0
            57	2024-10-22 12:16:53	1	0	1	0
            48	2024-10-22 12:16:58	1	0	1	0
            58	2024-10-22 12:17:09	1	0	1	0
           602	2024-10-22 12:19:38	1	0	1	0
           605	2024-10-22 12:19:48	1	0	1	0
           473	2024-10-22 12:22:00	1	0	1	0
           661	2024-10-22 12:22:43	1	0	1	0
           369	2024-10-22 12:28:46	1	0	1	0
           472	2024-10-22 12:32:58	1	0	1	0
           471	2024-10-22 12:33:06	1	0	1	0
           142	2024-10-22 12:33:18	1	0	1	0
            80	2024-10-22 12:36:04	1	0	1	0
           602	2024-10-22 12:36:59	1	0	1	0
           332	2024-10-22 13:04:26	1	0	1	0
           145	2024-10-22 13:20:27	1	0	1	0
           401	2024-10-22 13:20:33	1	0	1	0
           145	2024-10-22 13:44:45	1	0	1	0
           401	2024-10-22 13:44:53	1	0	1	0
           332	2024-10-22 13:45:34	1	0	1	0
           144	2024-10-22 13:54:49	1	0	1	0
           379	2024-10-22 16:02:57	1	0	1	0
           181	2024-10-22 16:05:37	1	0	1	0
           536	2024-10-22 16:06:39	1	0	1	0
           185	2024-10-22 16:26:30	1	0	1	0
           180	2024-10-22 16:58:26	1	0	1	0
            58	2024-10-22 17:00:12	1	0	1	0
            48	2024-10-22 17:00:19	1	0	1	0
           471	2024-10-22 17:00:52	1	0	1	0
           472	2024-10-22 17:01:02	1	0	1	0
           641	2024-10-22 17:01:57	1	0	1	0
           605	2024-10-22 17:02:22	1	0	1	0
           473	2024-10-22 17:02:25	1	0	1	0
           661	2024-10-22 17:02:35	1	0	1	0
           602	2024-10-22 17:02:40	1	0	1	0
           142	2024-10-22 17:04:40	1	0	1	0
           385	2024-10-22 17:05:19	1	0	1	0
           241	2024-10-22 17:06:22	1	0	1	0
            80	2024-10-22 17:08:10	1	0	1	0
           369	2024-10-22 17:10:18	1	0	1	0
           385	2024-10-25 07:08:53	1	0	1	0
           144	2024-10-25 09:07:49	1	0	1	0
           473	2024-10-25 09:36:42	1	0	1	0
           602	2024-10-25 09:36:46	1	0	1	0
           385	2024-10-25 11:30:33	1	0	1	0
           385	2024-10-25 12:00:04	1	0	1	0
           602	2024-10-25 12:05:17	1	0	1	0
           605	2024-10-25 12:05:19	1	0	1	0
           473	2024-10-25 12:06:46	1	0	1	0
           605	2024-10-25 12:37:43	1	0	1	0
           602	2024-10-25 12:39:14	1	0	1	0
           385	2024-10-25 12:49:27	1	0	1	0
