           385	2024-11-04 05:44:56	1	0	1	0
            58	2024-11-04 06:25:45	1	0	1	0
           181	2024-11-04 06:45:05	1	0	1	0
           527	2024-11-04 06:50:15	1	0	1	0
           185	2024-11-04 06:51:50	1	0	1	0
           536	2024-11-04 06:52:19	1	0	1	0
           379	2024-11-04 06:53:36	1	0	1	0
            91	2024-11-04 06:53:52	1	0	1	0
           180	2024-11-04 06:56:28	1	0	1	0
            48	2024-11-04 07:02:06	1	0	1	0
           241	2024-11-04 07:09:28	1	0	1	0
           602	2024-11-04 07:09:57	1	0	1	0
           473	2024-11-04 07:35:33	1	0	1	0
           551	2024-11-04 07:36:50	1	0	1	0
           118	2024-11-04 07:39:39	1	0	1	0
           661	2024-11-04 07:45:20	1	0	1	0
           142	2024-11-04 07:47:18	1	0	1	0
           369	2024-11-04 07:52:09	1	0	1	0
           605	2024-11-04 07:53:15	1	0	1	0
            80	2024-11-04 08:01:21	1	0	1	0
           471	2024-11-04 08:02:13	1	0	1	0
           472	2024-11-04 08:02:19	1	0	1	0
            57	2024-11-04 08:05:18	1	0	1	0
           401	2024-11-04 08:08:54	1	0	1	0
           145	2024-11-04 08:09:52	1	0	1	0
           332	2024-11-04 08:56:38	1	0	1	0
           144	2024-11-04 09:01:23	1	0	1	0
           379	2024-11-04 11:01:04	1	0	1	0
           527	2024-11-04 11:01:25	1	0	1	0
           536	2024-11-04 11:04:02	1	0	1	0
           180	2024-11-04 11:12:13	1	0	1	0
           185	2024-11-04 11:12:21	1	0	1	0
           181	2024-11-04 11:13:57	1	0	1	0
           180	2024-11-04 11:35:08	1	0	1	0
           385	2024-11-04 11:36:56	1	0	1	0
           536	2024-11-04 11:37:59	1	0	1	0
           241	2024-11-04 11:40:41	1	0	1	0
           527	2024-11-04 11:44:53	1	0	1	0
           181	2024-11-04 11:46:39	1	0	1	0
           185	2024-11-04 11:50:10	1	0	1	0
           379	2024-11-04 11:52:45	1	0	1	0
           241	2024-11-04 11:57:41	1	0	1	0
           142	2024-11-04 12:00:17	1	0	1	0
            57	2024-11-04 12:01:16	1	0	1	0
           471	2024-11-04 12:01:27	1	0	1	0
           602	2024-11-04 12:01:29	1	0	1	0
           473	2024-11-04 12:01:32	1	0	1	0
           605	2024-11-04 12:01:38	1	0	1	0
           661	2024-11-04 12:01:50	1	0	1	0
           118	2024-11-04 12:01:59	1	0	1	0
           551	2024-11-04 12:02:02	1	0	1	0
            48	2024-11-04 12:02:08	1	0	1	0
            58	2024-11-04 12:02:21	1	0	1	0
           369	2024-11-04 12:03:12	1	0	1	0
           385	2024-11-04 12:09:24	1	0	1	0
           472	2024-11-04 12:09:44	1	0	1	0
            80	2024-11-04 12:10:24	1	0	1	0
           142	2024-11-04 12:16:04	1	0	1	0
            48	2024-11-04 12:17:55	1	0	1	0
            58	2024-11-04 12:18:05	1	0	1	0
            57	2024-11-04 12:18:34	1	0	1	0
           661	2024-11-04 12:29:07	1	0	1	0
           473	2024-11-04 12:29:41	1	0	1	0
           369	2024-11-04 12:30:11	1	0	1	0
           118	2024-11-04 12:30:17	1	0	1	0
            80	2024-11-04 12:30:54	1	0	1	0
           551	2024-11-04 12:31:02	1	0	1	0
           605	2024-11-04 12:31:58	1	0	1	0
           472	2024-11-04 12:33:18	1	0	1	0
           471	2024-11-04 12:33:43	1	0	1	0
           602	2024-11-04 12:39:14	1	0	1	0
           145	2024-11-04 13:02:07	1	0	1	0
           332	2024-11-04 13:03:30	1	0	1	0
           401	2024-11-04 13:05:51	1	0	1	0
           144	2024-11-04 13:28:58	1	0	1	0
           332	2024-11-04 13:32:09	1	0	1	0
           145	2024-11-04 13:55:01	1	0	1	0
           401	2024-11-04 13:55:07	1	0	1	0
           144	2024-11-04 13:57:32	1	0	1	0
           379	2024-11-04 16:01:03	1	0	1	0
           527	2024-11-04 16:01:31	1	0	1	0
           181	2024-11-04 16:02:20	1	0	1	0
           536	2024-11-04 16:03:06	1	0	1	0
            91	2024-11-04 16:23:59	1	0	1	0
           241	2024-11-04 16:25:27	1	0	1	0
           185	2024-11-04 16:30:46	1	0	1	0
           180	2024-11-04 16:32:59	1	0	1	0
            57	2024-11-04 17:01:59	1	0	1	0
            58	2024-11-04 17:02:08	1	0	1	0
            48	2024-11-04 17:02:14	1	0	1	0
           472	2024-11-04 17:02:55	1	0	1	0
           661	2024-11-04 17:03:20	1	0	1	0
           473	2024-11-04 17:03:26	1	0	1	0
           471	2024-11-04 17:03:33	1	0	1	0
           602	2024-11-04 17:04:20	1	0	1	0
           605	2024-11-04 17:04:25	1	0	1	0
           118	2024-11-04 17:04:36	1	0	1	0
           385	2024-11-04 17:04:48	1	0	1	0
           369	2024-11-04 17:04:54	1	0	1	0
            80	2024-11-04 17:13:19	1	0	1	0
           142	2024-11-04 17:25:09	1	0	1	0
           332	2024-11-04 18:00:18	1	0	1	0
           401	2024-11-04 18:02:34	1	0	1	0
           145	2024-11-04 18:04:39	1	0	1	0
           144	2024-11-04 18:10:03	1	0	1	0
           551	2024-11-04 19:45:07	1	0	1	0
           385	2024-11-05 05:57:23	1	0	1	0
            58	2024-11-05 06:23:08	1	0	1	0
           527	2024-11-05 06:38:51	1	0	1	0
           181	2024-11-05 06:49:57	1	0	1	0
           180	2024-11-05 06:51:07	1	0	1	0
           536	2024-11-05 06:55:12	1	0	1	0
           185	2024-11-05 06:58:20	1	0	1	0
            91	2024-11-05 06:58:56	1	0	1	0
           379	2024-11-05 07:00:31	1	0	1	0
           241	2024-11-05 07:00:34	1	0	1	0
            48	2024-11-05 07:01:39	1	0	1	0
           551	2024-11-05 07:27:17	1	0	1	0
           641	2024-11-05 07:31:16	1	0	1	0
           602	2024-11-05 07:35:57	1	0	1	0
           118	2024-11-05 07:46:27	1	0	1	0
           661	2024-11-05 07:46:56	1	0	1	0
            80	2024-11-05 07:58:20	1	0	1	0
           473	2024-11-05 08:00:44	1	0	1	0
            57	2024-11-05 08:02:24	1	0	1	0
           142	2024-11-05 08:02:58	1	0	1	0
           471	2024-11-05 08:04:26	1	0	1	0
           472	2024-11-05 08:04:34	1	0	1	0
           332	2024-11-05 08:57:58	1	0	1	0
           401	2024-11-05 08:59:09	1	0	1	0
           144	2024-11-05 09:00:33	1	0	1	0
           369	2024-11-05 09:05:57	1	0	1	0
           379	2024-11-05 11:00:35	1	0	1	0
           181	2024-11-05 11:01:41	1	0	1	0
           536	2024-11-05 11:01:44	1	0	1	0
           527	2024-11-05 11:01:57	1	0	1	0
            91	2024-11-05 11:03:37	1	0	1	0
           185	2024-11-05 11:03:58	1	0	1	0
           180	2024-11-05 11:06:45	1	0	1	0
           241	2024-11-05 11:09:44	1	0	1	0
           527	2024-11-05 11:35:42	1	0	1	0
           385	2024-11-05 11:35:46	1	0	1	0
           180	2024-11-05 11:39:17	1	0	1	0
           536	2024-11-05 11:39:23	1	0	1	0
            91	2024-11-05 11:39:46	1	0	1	0
           241	2024-11-05 11:40:01	1	0	1	0
           181	2024-11-05 11:42:42	1	0	1	0
           185	2024-11-05 11:48:17	1	0	1	0
           379	2024-11-05 11:58:57	1	0	1	0
            57	2024-11-05 12:00:19	1	0	1	0
            48	2024-11-05 12:00:43	1	0	1	0
           142	2024-11-05 12:00:52	1	0	1	0
            58	2024-11-05 12:01:00	1	0	1	0
           551	2024-11-05 12:02:11	1	0	1	0
            80	2024-11-05 12:02:16	1	0	1	0
           641	2024-11-05 12:03:05	1	0	1	0
           118	2024-11-05 12:03:09	1	0	1	0
           471	2024-11-05 12:03:16	1	0	1	0
           385	2024-11-05 12:03:31	1	0	1	0
           473	2024-11-05 12:07:11	1	0	1	0
           661	2024-11-05 12:07:20	1	0	15	0
           602	2024-11-05 12:11:12	1	0	1	0
           369	2024-11-05 12:13:55	1	0	1	0
           472	2024-11-05 12:14:21	1	0	1	0
            57	2024-11-05 12:15:22	1	0	1	0
            48	2024-11-05 12:16:00	1	0	1	0
           118	2024-11-05 12:18:09	1	0	1	0
            80	2024-11-05 12:18:37	1	0	1	0
           551	2024-11-05 12:18:45	1	0	1	0
           661	2024-11-05 12:23:02	1	0	1	0
           473	2024-11-05 12:23:12	1	0	1	0
           641	2024-11-05 12:32:44	1	0	1	0
           602	2024-11-05 12:45:18	1	0	1	0
           413	2024-11-05 12:46:01	1	0	4	0
           142	2024-11-05 12:51:20	1	0	1	0
           472	2024-11-05 12:53:55	1	0	1	0
           471	2024-11-05 12:53:57	1	0	1	0
           145	2024-11-05 13:02:15	1	0	1	0
           401	2024-11-05 13:02:22	1	0	1	0
           332	2024-11-05 13:03:03	1	0	1	0
           144	2024-11-05 13:11:14	1	0	1	0
           332	2024-11-05 13:25:35	1	0	1	0
           144	2024-11-05 13:51:06	1	0	1	0
           145	2024-11-05 13:52:33	1	0	1	0
           401	2024-11-05 13:52:37	1	0	1	0
           536	2024-11-05 16:06:21	1	0	1	0
           181	2024-11-05 16:09:02	1	0	1	0
           379	2024-11-05 16:17:28	1	0	1	0
           180	2024-11-05 16:19:28	1	0	1	0
           185	2024-11-05 16:21:57	1	0	1	0
            91	2024-11-05 16:28:38	1	0	1	0
            57	2024-11-05 17:00:06	1	0	1	0
            48	2024-11-05 17:00:13	1	0	1	0
            58	2024-11-05 17:00:18	1	0	1	0
           527	2024-11-05 17:02:58	1	0	1	0
           385	2024-11-05 17:03:26	1	0	1	0
           602	2024-11-05 17:03:37	1	0	1	0
           661	2024-11-05 17:03:44	1	0	1	0
           473	2024-11-05 17:04:00	1	0	1	0
           471	2024-11-05 17:04:33	1	0	1	0
           641	2024-11-05 17:05:23	1	0	1	0
           118	2024-11-05 17:05:29	1	0	1	0
           472	2024-11-05 17:06:46	1	0	1	0
            80	2024-11-05 17:18:25	1	0	1	0
           142	2024-11-05 17:19:49	1	0	1	0
           369	2024-11-05 17:30:51	1	0	1	0
           241	2024-11-05 17:59:43	1	0	1	0
           144	2024-11-05 18:01:39	1	0	1	0
           332	2024-11-05 18:02:13	1	0	1	0
           145	2024-11-05 18:03:35	1	0	1	0
           401	2024-11-05 18:03:47	1	0	1	0
           551	2024-11-05 20:24:53	1	0	1	0
           385	2024-11-06 05:56:06	1	0	1	0
            58	2024-11-06 06:26:49	1	0	1	0
           527	2024-11-06 06:46:03	1	0	1	0
           180	2024-11-06 06:51:25	1	0	1	0
           181	2024-11-06 06:53:50	1	0	1	0
           536	2024-11-06 06:55:23	1	0	1	0
           379	2024-11-06 06:56:12	1	0	1	0
            91	2024-11-06 06:57:10	1	0	1	0
           185	2024-11-06 06:57:17	1	0	1	0
           241	2024-11-06 06:59:04	1	0	1	0
            48	2024-11-06 07:08:48	1	0	1	0
           661	2024-11-06 07:30:32	1	0	1	0
           602	2024-11-06 07:36:26	1	0	1	0
           641	2024-11-06 07:39:28	1	0	1	0
           118	2024-11-06 07:41:07	1	0	1	0
           142	2024-11-06 07:42:32	1	0	1	0
           551	2024-11-06 07:44:44	1	0	1	0
           473	2024-11-06 07:47:08	1	0	1	0
           605	2024-11-06 07:48:34	1	0	1	0
           471	2024-11-06 07:50:17	1	0	1	0
           472	2024-11-06 07:50:22	1	0	1	0
           369	2024-11-06 07:52:46	1	0	1	0
            80	2024-11-06 07:56:41	1	0	1	0
            57	2024-11-06 07:58:31	1	0	1	0
           145	2024-11-06 08:30:56	1	0	1	0
           144	2024-11-06 09:02:44	1	0	1	0
           401	2024-11-06 09:02:56	1	0	1	0
           379	2024-11-06 11:01:02	1	0	1	0
           536	2024-11-06 11:01:10	1	0	1	0
            91	2024-11-06 11:05:06	1	0	1	0
           181	2024-11-06 11:05:13	1	0	1	0
           185	2024-11-06 11:05:20	1	0	1	0
           527	2024-11-06 11:05:27	1	0	1	0
           180	2024-11-06 11:10:22	1	0	1	0
           241	2024-11-06 11:20:33	1	0	1	0
           332	2024-11-06 11:29:50	1	0	1	0
           536	2024-11-06 11:34:46	1	0	1	0
           180	2024-11-06 11:39:38	1	0	1	0
            91	2024-11-06 11:39:58	1	0	1	0
           181	2024-11-06 11:40:16	1	0	1	0
           185	2024-11-06 11:40:19	1	0	1	0
           527	2024-11-06 11:40:24	1	0	1	0
           385	2024-11-06 11:42:37	1	0	1	0
           241	2024-11-06 11:47:29	1	0	1	0
           379	2024-11-06 11:56:32	1	0	1	0
            48	2024-11-06 12:00:34	1	0	1	0
            58	2024-11-06 12:00:41	1	0	1	0
           369	2024-11-06 12:01:00	1	0	1	0
           472	2024-11-06 12:02:53	1	0	1	0
           142	2024-11-06 12:03:47	1	0	1	0
           471	2024-11-06 12:03:54	1	0	1	0
            57	2024-11-06 12:04:08	1	0	1	0
           118	2024-11-06 12:04:15	1	0	1	0
           661	2024-11-06 12:04:25	1	0	1	0
           473	2024-11-06 12:04:31	1	0	1	0
            80	2024-11-06 12:04:42	1	0	1	0
           551	2024-11-06 12:04:51	1	0	1	0
           602	2024-11-06 12:05:00	1	0	1	0
           641	2024-11-06 12:05:14	1	0	1	0
           605	2024-11-06 12:05:31	1	0	1	0
           385	2024-11-06 12:07:03	1	0	1	0
            58	2024-11-06 12:18:13	1	0	1	0
            48	2024-11-06 12:18:22	1	0	1	0
            57	2024-11-06 12:19:26	1	0	1	0
            80	2024-11-06 12:20:24	1	0	1	0
           641	2024-11-06 12:26:00	1	0	1	0
           471	2024-11-06 12:27:13	1	0	1	0
           472	2024-11-06 12:27:19	1	0	1	0
           661	2024-11-06 12:27:29	1	0	1	0
           605	2024-11-06 12:27:32	1	0	1	0
           118	2024-11-06 12:27:56	1	0	1	0
           602	2024-11-06 12:28:05	1	0	1	0
           473	2024-11-06 12:29:43	1	0	1	0
           369	2024-11-06 12:30:02	1	0	1	0
           602	2024-11-06 12:49:26	1	0	1	0
           551	2024-11-06 12:52:40	1	0	1	0
           142	2024-11-06 12:53:25	1	0	1	0
           145	2024-11-06 13:06:05	1	0	1	0
           401	2024-11-06 13:06:10	1	0	1	0
           332	2024-11-06 13:06:21	1	0	1	0
           144	2024-11-06 13:22:44	1	0	1	0
           332	2024-11-06 13:27:30	1	0	1	0
           145	2024-11-06 13:42:19	1	0	1	0
           401	2024-11-06 13:42:22	1	0	1	0
           144	2024-11-06 13:59:30	1	0	1	0
           379	2024-11-06 16:02:30	1	0	1	0
           536	2024-11-06 16:06:27	1	0	1	0
           181	2024-11-06 16:10:05	1	0	1	0
            91	2024-11-06 16:34:52	1	0	1	0
           527	2024-11-06 16:44:49	1	0	1	0
           180	2024-11-06 16:47:08	1	0	1	0
           185	2024-11-06 16:51:20	1	0	1	0
            57	2024-11-06 17:00:04	1	0	1	0
            58	2024-11-06 17:00:10	1	0	1	0
            48	2024-11-06 17:00:16	1	0	1	0
           641	2024-11-06 17:00:49	1	0	1	0
           385	2024-11-06 17:00:52	1	0	1	0
           661	2024-11-06 17:04:27	1	0	1	0
           551	2024-11-06 17:07:32	1	0	1	0
           472	2024-11-06 17:09:51	1	0	1	0
           142	2024-11-06 17:11:57	1	0	1	0
            80	2024-11-06 17:17:13	1	0	1	0
           473	2024-11-06 17:25:57	1	0	1	0
           118	2024-11-06 17:26:00	1	0	1	0
           602	2024-11-06 17:26:04	1	0	1	0
           471	2024-11-06 17:26:13	1	0	1	0
           605	2024-11-06 17:26:19	1	0	1	0
           369	2024-11-06 17:28:29	1	0	1	0
           241	2024-11-06 17:50:49	1	0	1	0
           145	2024-11-06 18:02:31	1	0	1	0
           144	2024-11-06 18:02:39	1	0	1	0
           401	2024-11-06 18:02:45	1	0	1	0
           332	2024-11-06 18:02:58	1	0	1	0
           385	2024-11-07 05:44:41	1	0	1	0
            58	2024-11-07 06:31:01	1	0	1	0
           181	2024-11-07 06:46:07	1	0	1	0
           527	2024-11-07 06:50:37	1	0	1	0
           185	2024-11-07 06:54:48	1	0	1	0
           180	2024-11-07 06:54:56	1	0	1	0
           536	2024-11-07 06:55:21	1	0	1	0
            91	2024-11-07 06:55:31	1	0	1	0
           379	2024-11-07 06:56:16	1	0	1	0
            48	2024-11-07 06:59:02	1	0	1	0
           241	2024-11-07 07:02:28	1	0	1	0
           641	2024-11-07 07:07:15	1	0	1	0
           602	2024-11-07 07:28:19	1	0	1	0
           471	2024-11-07 07:36:54	1	0	1	0
           472	2024-11-07 07:37:19	1	0	1	0
           118	2024-11-07 07:39:46	1	0	1	0
           551	2024-11-07 07:44:16	1	0	1	0
           473	2024-11-07 07:44:45	1	0	1	0
           661	2024-11-07 07:45:01	1	0	1	0
           369	2024-11-07 07:48:56	1	0	1	0
           142	2024-11-07 07:51:29	1	0	1	0
           605	2024-11-07 07:56:45	1	0	1	0
            57	2024-11-07 07:57:20	1	0	1	0
            80	2024-11-07 07:59:34	1	0	1	0
           145	2024-11-07 08:40:37	1	0	1	0
           332	2024-11-07 08:56:03	1	0	1	0
           144	2024-11-07 09:02:55	1	0	1	0
           401	2024-11-07 09:14:01	1	0	1	0
           379	2024-11-07 11:01:18	1	0	1	0
           536	2024-11-07 11:01:42	1	0	1	0
           181	2024-11-07 11:08:14	1	0	1	0
           527	2024-11-07 11:09:04	1	0	1	0
           180	2024-11-07 11:10:13	1	0	1	0
           185	2024-11-07 11:10:50	1	0	1	0
           536	2024-11-07 11:16:42	1	0	1	0
            91	2024-11-07 11:30:26	1	0	1	0
           241	2024-11-07 11:30:32	1	0	1	0
           385	2024-11-07 11:36:39	1	0	1	0
           181	2024-11-07 11:40:19	1	0	1	0
           185	2024-11-07 11:40:26	1	0	1	0
           527	2024-11-07 11:44:51	1	0	1	0
           180	2024-11-07 11:45:00	1	0	1	0
            91	2024-11-07 11:47:44	1	0	1	0
           241	2024-11-07 11:47:49	1	0	1	0
           379	2024-11-07 11:55:46	1	0	1	0
            57	2024-11-07 12:00:27	1	0	1	0
            80	2024-11-07 12:01:17	1	0	1	0
           602	2024-11-07 12:01:30	1	0	1	0
           118	2024-11-07 12:01:59	1	0	1	0
           473	2024-11-07 12:02:03	1	0	1	0
           472	2024-11-07 12:02:06	1	0	1	0
           605	2024-11-07 12:02:09	1	0	1	0
           661	2024-11-07 12:02:21	1	0	1	0
           369	2024-11-07 12:02:32	1	0	1	0
            48	2024-11-07 12:02:51	1	0	1	0
            58	2024-11-07 12:03:01	1	0	1	0
           471	2024-11-07 12:03:08	1	0	1	0
           641	2024-11-07 12:04:39	1	0	1	0
           142	2024-11-07 12:11:12	1	0	1	0
           472	2024-11-07 12:17:06	1	0	1	0
            57	2024-11-07 12:17:40	1	0	1	0
            48	2024-11-07 12:17:53	1	0	1	0
            58	2024-11-07 12:18:01	1	0	1	0
           118	2024-11-07 12:18:22	1	0	1	0
           605	2024-11-07 12:18:35	1	0	1	0
           661	2024-11-07 12:18:45	1	0	15	0
           602	2024-11-07 12:18:59	1	0	1	0
           471	2024-11-07 12:19:20	1	0	1	0
           473	2024-11-07 12:19:34	1	0	1	0
           385	2024-11-07 12:23:58	1	0	1	0
           641	2024-11-07 12:34:59	1	0	1	0
           142	2024-11-07 12:55:17	1	0	1	0
           551	2024-11-07 12:55:57	1	0	1	0
           332	2024-11-07 13:01:04	1	0	1	0
           145	2024-11-07 13:02:26	1	0	1	0
           401	2024-11-07 13:02:29	1	0	1	0
           144	2024-11-07 13:09:48	1	0	1	0
           332	2024-11-07 13:27:38	1	0	1	0
           401	2024-11-07 13:27:55	1	0	1	0
           379	2024-11-07 16:03:01	1	0	1	0
           536	2024-11-07 16:06:46	1	0	1	0
           181	2024-11-07 16:16:55	1	0	1	0
            91	2024-11-07 16:21:43	1	0	1	0
           527	2024-11-07 16:24:09	1	0	1	0
           180	2024-11-07 16:25:08	1	0	1	0
           185	2024-11-07 16:36:16	1	0	1	0
           605	2024-11-07 17:00:08	1	0	1	0
            48	2024-11-07 17:00:38	1	0	1	0
            57	2024-11-07 17:01:06	1	0	1	0
            58	2024-11-07 17:01:11	1	0	1	0
           641	2024-11-07 17:01:18	1	0	1	0
           551	2024-11-07 17:02:05	1	0	1	0
            80	2024-11-07 17:04:32	1	0	1	0
           661	2024-11-07 17:06:14	1	0	1	0
           142	2024-11-07 17:06:26	1	0	1	0
           471	2024-11-07 17:07:58	1	0	1	0
           472	2024-11-07 17:08:16	1	0	1	0
           602	2024-11-07 17:08:30	1	0	1	0
           118	2024-11-07 17:08:54	1	0	1	0
           473	2024-11-07 17:10:26	1	0	1	0
           385	2024-11-07 17:13:57	1	0	1	0
           369	2024-11-07 17:18:30	1	0	1	0
           241	2024-11-07 17:46:57	1	0	1	0
           145	2024-11-07 18:02:36	1	0	1	0
           401	2024-11-07 18:02:52	1	0	1	0
           332	2024-11-07 18:03:01	1	0	1	0
           144	2024-11-07 18:16:28	1	0	1	0
           385	2024-11-08 02:46:43	1	0	1	0
           241	2024-11-08 04:09:55	1	0	1	0
           527	2024-11-08 05:39:41	1	0	1	0
           185	2024-11-08 06:21:21	1	0	1	0
            58	2024-11-08 06:27:48	1	0	1	0
            91	2024-11-08 06:51:03	1	0	1	0
           118	2024-11-08 06:53:33	1	0	1	0
           181	2024-11-08 06:58:48	1	0	1	0
            48	2024-11-08 06:58:57	1	0	1	0
           379	2024-11-08 07:01:07	1	0	1	0
           661	2024-11-08 07:30:29	1	0	1	0
           551	2024-11-08 07:34:13	1	0	1	0
           602	2024-11-08 07:36:58	1	0	1	0
            80	2024-11-08 07:38:42	1	0	1	0
           142	2024-11-08 07:48:25	1	0	1	0
           473	2024-11-08 07:51:38	1	0	1	0
           369	2024-11-08 07:53:00	1	0	1	0
           471	2024-11-08 07:54:57	1	0	1	0
           472	2024-11-08 07:55:02	1	0	1	0
           605	2024-11-08 07:55:06	1	0	1	0
            57	2024-11-08 08:05:28	1	0	1	0
           145	2024-11-08 08:32:14	1	0	1	0
           401	2024-11-08 08:55:40	1	0	1	0
           144	2024-11-08 08:57:26	1	0	1	0
           332	2024-11-08 10:09:47	1	0	1	0
           379	2024-11-08 11:03:44	1	0	1	0
           241	2024-11-08 11:04:24	1	0	1	0
           181	2024-11-08 11:04:27	1	0	1	0
            91	2024-11-08 11:04:37	1	0	1	0
           527	2024-11-08 11:04:47	1	0	1	0
           185	2024-11-08 11:05:56	1	0	1	0
           536	2024-11-08 11:12:20	1	0	1	0
           379	2024-11-08 11:20:19	1	0	1	0
            91	2024-11-08 11:31:59	1	0	1	0
           536	2024-11-08 11:37:24	1	0	1	0
           385	2024-11-08 11:38:33	1	0	1	0
           181	2024-11-08 11:39:17	1	0	1	0
           241	2024-11-08 11:49:07	1	0	1	0
           527	2024-11-08 11:53:45	1	0	1	0
            58	2024-11-08 12:00:29	1	0	1	0
            48	2024-11-08 12:00:38	1	0	1	0
            57	2024-11-08 12:00:44	1	0	1	0
           369	2024-11-08 12:01:09	1	0	1	0
            80	2024-11-08 12:01:29	1	0	1	0
           551	2024-11-08 12:01:34	1	0	1	0
           118	2024-11-08 12:02:44	1	0	1	0
           602	2024-11-08 12:02:51	1	0	1	0
           605	2024-11-08 12:02:54	1	0	1	0
           472	2024-11-08 12:03:09	1	0	1	0
           142	2024-11-08 12:03:17	1	0	1	0
           471	2024-11-08 12:03:28	1	0	1	0
           385	2024-11-08 12:09:41	1	0	1	0
            48	2024-11-08 12:15:42	1	0	1	0
            58	2024-11-08 12:16:05	1	0	1	0
            57	2024-11-08 12:16:15	1	0	1	0
           118	2024-11-08 12:17:49	1	0	1	0
           471	2024-11-08 12:22:17	1	0	1	0
           602	2024-11-08 12:29:52	1	0	1	0
           605	2024-11-08 12:29:55	1	0	1	0
            80	2024-11-08 12:41:23	1	0	1	0
           551	2024-11-08 12:41:28	1	0	1	0
           472	2024-11-08 12:43:12	1	0	1	0
           661	2024-11-08 12:45:53	1	0	1	0
           473	2024-11-08 12:45:57	1	0	1	0
           142	2024-11-08 12:50:53	1	0	1	0
           332	2024-11-08 13:04:17	1	0	1	0
           332	2024-11-08 13:39:49	1	0	1	0
           536	2024-11-08 16:07:06	1	0	1	0
           379	2024-11-08 16:08:56	1	0	1	0
            91	2024-11-08 16:17:30	1	0	1	0
           181	2024-11-08 16:36:05	1	0	1	0
           185	2024-11-08 16:36:11	1	0	1	0
           527	2024-11-08 16:38:48	1	0	1	0
           241	2024-11-08 16:40:20	1	0	1	0
            48	2024-11-08 17:00:08	1	0	1	0
            58	2024-11-08 17:00:13	1	0	1	0
            57	2024-11-08 17:00:18	1	0	1	0
            80	2024-11-08 17:00:22	1	0	1	0
           142	2024-11-08 17:01:00	1	0	1	0
           551	2024-11-08 17:01:35	1	0	1	0
           472	2024-11-08 17:03:53	1	0	1	0
           471	2024-11-08 17:04:27	1	0	1	0
           118	2024-11-08 17:07:21	1	0	1	0
           602	2024-11-08 17:09:30	1	0	1	0
           385	2024-11-08 17:13:08	1	0	1	0
           605	2024-11-08 17:20:11	1	0	1	0
           661	2024-11-08 17:25:02	1	0	1	0
           473	2024-11-08 17:29:52	1	0	1	0
           145	2024-11-08 18:02:06	1	0	1	0
           401	2024-11-08 18:02:14	1	0	1	0
           332	2024-11-08 18:02:43	1	0	1	0
           144	2024-11-08 18:12:31	1	0	1	0
           661	2024-11-09 07:38:05	1	0	1	0
           661	2024-11-09 17:31:15	1	0	1	0
           385	2024-11-11 05:47:05	1	0	1	0
            58	2024-11-11 06:24:24	1	0	1	0
           527	2024-11-11 06:47:59	1	0	1	0
           379	2024-11-11 06:53:47	1	0	1	0
           181	2024-11-11 06:58:35	1	0	1	0
            91	2024-11-11 07:00:13	1	0	1	0
           185	2024-11-11 07:00:16	1	0	1	0
           536	2024-11-11 07:00:54	1	0	1	0
           602	2024-11-11 07:08:56	1	0	1	0
            48	2024-11-11 07:09:13	1	0	1	0
           241	2024-11-11 07:10:04	1	0	1	0
           473	2024-11-11 07:10:09	1	0	1	0
           641	2024-11-11 07:26:47	1	0	1	0
           661	2024-11-11 07:33:13	1	0	1	0
           551	2024-11-11 07:40:24	1	0	1	0
           471	2024-11-11 07:46:05	1	0	1	0
           472	2024-11-11 07:46:24	1	0	1	0
           118	2024-11-11 07:56:53	1	0	1	0
            80	2024-11-11 07:59:07	1	0	1	0
            57	2024-11-11 08:03:26	1	0	1	0
           145	2024-11-11 08:06:30	1	0	1	0
           369	2024-11-11 08:16:32	1	0	1	0
           401	2024-11-11 09:32:25	1	0	1	0
           241	2024-11-11 11:01:47	1	0	1	0
           527	2024-11-11 11:02:38	1	0	1	0
           536	2024-11-11 11:02:48	1	0	1	0
           379	2024-11-11 11:03:10	1	0	1	0
           181	2024-11-11 11:03:28	1	0	1	0
           185	2024-11-11 11:03:35	1	0	1	0
           144	2024-11-11 11:15:57	1	0	1	0
           536	2024-11-11 11:23:27	1	0	1	0
           332	2024-11-11 11:23:38	1	0	1	0
           527	2024-11-11 11:23:43	1	0	1	0
           181	2024-11-11 11:26:45	1	0	1	0
           385	2024-11-11 11:32:51	1	0	1	0
            91	2024-11-11 11:44:04	1	0	1	0
           185	2024-11-11 11:44:12	1	0	1	0
           241	2024-11-11 11:49:13	1	0	1	0
           379	2024-11-11 11:56:37	1	0	1	0
            57	2024-11-11 12:00:12	1	0	1	0
            58	2024-11-11 12:00:34	1	0	1	0
            48	2024-11-11 12:00:47	1	0	1	0
           641	2024-11-11 12:01:04	1	0	1	0
           551	2024-11-11 12:05:36	1	0	1	0
            80	2024-11-11 12:05:40	1	0	1	0
           471	2024-11-11 12:06:34	1	0	1	0
           661	2024-11-11 12:06:40	1	0	1	0
           473	2024-11-11 12:06:43	1	0	1	0
           602	2024-11-11 12:06:47	1	0	1	0
           118	2024-11-11 12:06:57	1	0	1	0
           369	2024-11-11 12:07:53	1	0	1	0
           472	2024-11-11 12:08:40	1	0	1	0
            48	2024-11-11 12:17:01	1	0	1	0
            58	2024-11-11 12:17:10	1	0	1	0
            57	2024-11-11 12:17:26	1	0	1	0
           369	2024-11-11 12:23:03	1	0	1	0
            80	2024-11-11 12:23:11	1	0	1	0
           551	2024-11-11 12:23:21	1	0	1	0
           472	2024-11-11 12:23:44	1	0	1	0
           118	2024-11-11 12:24:32	1	0	1	0
           661	2024-11-11 12:24:48	1	0	1	0
           473	2024-11-11 12:25:02	1	0	1	0
           641	2024-11-11 12:25:43	1	0	1	0
           602	2024-11-11 12:26:21	1	0	1	0
           471	2024-11-11 12:31:12	1	0	1	0
           385	2024-11-11 12:33:04	1	0	1	0
           332	2024-11-11 13:11:21	1	0	1	0
           145	2024-11-11 13:11:43	1	0	1	0
           401	2024-11-11 13:33:21	1	0	1	0
           144	2024-11-11 13:39:36	1	0	1	0
           401	2024-11-11 13:48:30	1	0	1	0
           332	2024-11-11 13:50:43	1	0	1	0
           144	2024-11-11 13:54:38	1	0	1	0
           536	2024-11-11 16:03:25	1	0	1	0
           379	2024-11-11 16:04:08	1	0	1	0
           185	2024-11-11 16:07:55	1	0	1	0
            91	2024-11-11 16:08:19	1	0	1	0
           527	2024-11-11 16:09:29	1	0	1	0
           181	2024-11-11 16:11:04	1	0	1	0
            57	2024-11-11 17:00:10	1	0	1	0
            48	2024-11-11 17:00:23	1	0	1	0
            58	2024-11-11 17:00:31	1	0	1	0
           369	2024-11-11 17:00:36	1	0	1	0
           473	2024-11-11 17:05:19	1	0	1	0
           641	2024-11-11 17:07:38	1	0	1	0
           385	2024-11-11 17:09:33	1	0	1	0
           472	2024-11-11 17:10:08	1	0	1	0
            80	2024-11-11 17:15:16	1	0	1	0
           241	2024-11-11 17:18:35	1	0	1	0
           661	2024-11-11 17:19:54	1	0	1	0
           118	2024-11-11 17:19:59	1	0	1	0
           602	2024-11-11 17:20:33	1	0	1	0
           471	2024-11-11 17:40:26	1	0	1	0
           145	2024-11-11 18:04:12	1	0	1	0
           401	2024-11-11 18:04:22	1	0	1	0
           332	2024-11-11 18:04:40	1	0	1	0
           144	2024-11-11 18:27:03	1	0	1	0
           551	2024-11-11 19:37:46	1	0	1	0
           472	2024-11-12 05:56:42	1	0	1	0
           385	2024-11-12 06:03:46	1	0	1	0
            58	2024-11-12 06:33:44	1	0	1	0
           527	2024-11-12 06:47:18	1	0	1	0
           536	2024-11-12 06:51:53	1	0	1	0
           241	2024-11-12 06:57:00	1	0	1	0
           379	2024-11-12 06:58:02	1	0	1	0
           181	2024-11-12 06:58:38	1	0	1	0
            48	2024-11-12 07:02:40	1	0	1	0
           185	2024-11-12 07:06:27	1	0	1	0
            91	2024-11-12 07:07:06	1	0	1	0
           661	2024-11-12 07:22:55	1	0	1	0
           641	2024-11-12 07:31:03	1	0	1	0
           551	2024-11-12 07:35:06	1	0	1	0
           118	2024-11-12 07:38:54	1	0	1	0
            57	2024-11-12 07:57:13	1	0	1	0
            80	2024-11-12 07:58:13	1	0	1	0
           369	2024-11-12 08:05:13	1	0	1	0
           145	2024-11-12 08:22:08	1	0	1	0
           401	2024-11-12 09:14:27	1	0	1	0
           144	2024-11-12 09:21:04	1	0	1	0
           332	2024-11-12 09:25:33	1	0	1	0
           379	2024-11-12 11:01:05	1	0	1	0
            91	2024-11-12 11:01:10	1	0	1	0
           241	2024-11-12 11:01:14	1	0	1	0
           185	2024-11-12 11:01:43	1	0	1	0
           181	2024-11-12 11:01:47	1	0	1	0
           527	2024-11-12 11:01:54	1	0	1	0
           536	2024-11-12 11:15:17	1	0	1	0
           536	2024-11-12 11:30:28	1	0	1	0
           185	2024-11-12 11:36:43	1	0	1	0
           181	2024-11-12 11:36:46	1	0	1	0
           527	2024-11-12 11:36:55	1	0	1	0
            91	2024-11-12 11:38:17	1	0	1	0
           241	2024-11-12 11:38:23	1	0	1	0
           385	2024-11-12 11:40:35	1	0	1	0
           379	2024-11-12 11:55:01	1	0	1	0
           369	2024-11-12 12:00:10	1	0	1	0
            57	2024-11-12 12:00:23	1	0	1	0
            58	2024-11-12 12:00:56	1	0	1	0
            80	2024-11-12 12:02:31	1	0	1	0
           551	2024-11-12 12:02:35	1	0	1	0
           641	2024-11-12 12:04:00	1	0	1	0
           661	2024-11-12 12:04:45	1	0	1	0
           118	2024-11-12 12:04:53	1	0	1	0
            48	2024-11-12 12:13:22	1	0	1	0
            57	2024-11-12 12:16:43	1	0	1	0
            58	2024-11-12 12:18:01	1	0	1	0
           385	2024-11-12 12:18:12	1	0	1	0
           369	2024-11-12 12:19:51	1	0	1	0
           551	2024-11-12 12:21:06	1	0	1	0
            80	2024-11-12 12:21:10	1	0	1	0
           118	2024-11-12 12:21:25	1	0	1	0
           661	2024-11-12 12:27:09	1	0	1	0
           472	2024-11-12 12:30:11	1	0	1	0
           641	2024-11-12 12:33:42	1	0	1	0
            48	2024-11-12 12:38:00	1	0	1	0
           472	2024-11-12 12:46:49	1	0	1	0
           144	2024-11-12 13:22:31	1	0	1	0
           145	2024-11-12 13:22:43	1	0	1	0
           401	2024-11-12 13:22:52	1	0	1	0
           145	2024-11-12 13:52:29	1	0	1	0
           401	2024-11-12 13:52:33	1	0	1	0
           144	2024-11-12 13:52:38	1	0	1	0
           536	2024-11-12 16:07:35	1	0	1	0
            91	2024-11-12 16:16:03	1	0	1	0
           379	2024-11-12 16:22:45	1	0	1	0
           185	2024-11-12 16:25:23	1	0	1	0
           527	2024-11-12 16:47:15	1	0	1	0
            57	2024-11-12 17:00:05	1	0	1	0
            48	2024-11-12 17:00:30	1	0	1	0
            58	2024-11-12 17:01:15	1	0	1	0
           472	2024-11-12 17:02:31	1	0	1	0
           641	2024-11-12 17:05:31	1	0	1	0
           661	2024-11-12 17:07:02	1	0	1	0
           118	2024-11-12 17:08:00	1	0	1	0
           385	2024-11-12 17:12:29	1	0	1	0
            80	2024-11-12 17:23:14	1	0	1	0
           369	2024-11-12 17:23:54	1	0	1	0
           241	2024-11-12 17:37:45	1	0	1	0
           145	2024-11-12 18:04:17	1	0	1	0
           332	2024-11-12 18:04:25	1	0	1	0
           401	2024-11-12 18:13:14	1	0	1	0
           144	2024-11-12 18:25:52	1	0	1	0
           551	2024-11-12 19:53:46	1	0	1	0
           385	2024-11-13 05:52:55	1	0	1	0
            58	2024-11-13 06:20:08	1	0	1	0
            91	2024-11-13 06:43:45	1	0	1	0
           185	2024-11-13 06:44:00	1	0	1	0
           527	2024-11-13 06:48:43	1	0	1	0
           180	2024-11-13 06:51:59	1	0	1	0
            48	2024-11-13 06:54:36	1	0	1	0
           241	2024-11-13 06:56:23	1	0	1	0
           379	2024-11-13 06:56:29	1	0	1	0
           181	2024-11-13 07:01:45	1	0	1	0
           536	2024-11-13 07:11:38	1	0	1	0
           472	2024-11-13 07:27:19	1	0	1	0
           641	2024-11-13 07:40:09	1	0	1	0
           661	2024-11-13 07:49:46	1	0	1	0
           551	2024-11-13 07:50:34	1	0	1	0
           118	2024-11-13 07:51:16	1	0	1	0
            80	2024-11-13 07:59:08	1	0	1	0
            57	2024-11-13 08:08:21	1	0	1	0
           145	2024-11-13 08:28:49	1	0	1	0
           401	2024-11-13 09:04:59	1	0	1	0
           144	2024-11-13 09:12:01	1	0	1	0
           379	2024-11-13 11:01:14	1	0	1	0
           536	2024-11-13 11:01:45	1	0	1	0
           527	2024-11-13 11:02:18	1	0	1	0
            91	2024-11-13 11:02:31	1	0	1	0
           241	2024-11-13 11:02:40	1	0	1	0
           181	2024-11-13 11:04:57	1	0	1	0
           180	2024-11-13 11:07:14	1	0	1	0
           527	2024-11-13 11:28:05	1	0	1	0
            91	2024-11-13 11:28:15	1	0	1	0
           536	2024-11-13 11:29:15	1	0	1	0
           181	2024-11-13 11:29:52	1	0	1	0
           241	2024-11-13 11:31:43	1	0	1	0
           185	2024-11-13 11:32:08	1	0	1	0
           385	2024-11-13 11:36:42	1	0	1	0
           180	2024-11-13 11:40:57	1	0	1	0
           379	2024-11-13 11:55:46	1	0	1	0
           185	2024-11-13 11:56:59	1	0	1	0
           641	2024-11-13 12:00:04	1	0	1	0
            57	2024-11-13 12:01:49	1	0	1	0
            48	2024-11-13 12:01:53	1	0	1	0
            58	2024-11-13 12:02:14	1	0	1	0
            80	2024-11-13 12:02:23	1	0	1	0
           551	2024-11-13 12:02:27	1	0	1	0
           661	2024-11-13 12:02:40	1	0	1	0
           118	2024-11-13 12:08:31	1	0	1	0
           385	2024-11-13 12:09:20	1	0	1	0
           472	2024-11-13 12:11:27	1	0	1	0
           641	2024-11-13 12:15:32	1	0	1	0
            57	2024-11-13 12:16:51	1	0	1	0
            48	2024-11-13 12:16:57	1	0	1	0
            58	2024-11-13 12:17:16	1	0	1	0
           551	2024-11-13 12:20:34	1	0	1	0
            80	2024-11-13 12:20:55	1	0	1	0
           661	2024-11-13 12:28:01	1	0	1	0
           472	2024-11-13 12:28:08	1	0	1	0
           118	2024-11-13 12:28:37	1	0	1	0
           144	2024-11-13 13:18:09	1	0	1	0
           145	2024-11-13 13:18:26	1	0	1	0
           401	2024-11-13 13:18:29	1	0	1	0
           369	2024-11-13 13:22:53	1	0	1	0
           144	2024-11-13 13:41:04	1	0	1	0
           332	2024-11-13 13:42:42	1	0	1	0
           145	2024-11-13 13:52:40	1	0	1	0
           401	2024-11-13 13:52:46	1	0	1	0
           332	2024-11-13 13:58:03	1	0	1	0
           536	2024-11-13 16:05:28	1	0	1	0
           379	2024-11-13 16:06:38	1	0	1	0
           181	2024-11-13 16:12:29	1	0	1	0
           241	2024-11-13 16:15:16	1	0	1	0
           527	2024-11-13 16:38:20	1	0	1	0
           185	2024-11-13 16:51:00	1	0	1	0
           180	2024-11-13 16:51:05	1	0	1	0
            57	2024-11-13 17:00:04	1	0	1	0
           641	2024-11-13 17:00:11	1	0	1	0
            48	2024-11-13 17:01:04	1	0	1	0
            58	2024-11-13 17:01:15	1	0	1	0
           385	2024-11-13 17:02:15	1	0	1	0
           661	2024-11-13 17:04:09	1	0	1	0
           369	2024-11-13 17:10:13	1	0	1	0
           118	2024-11-13 17:14:41	1	0	1	0
           472	2024-11-13 17:14:44	1	0	1	0
            80	2024-11-13 17:19:39	1	0	1	0
           551	2024-11-13 17:19:44	1	0	1	0
           145	2024-11-13 18:03:54	1	0	1	0
           401	2024-11-13 18:04:04	1	0	1	0
           332	2024-11-13 18:04:17	1	0	1	0
            91	2024-11-13 18:05:11	1	0	1	0
           144	2024-11-13 18:12:09	1	0	1	0
           385	2024-11-14 05:53:37	1	0	1	0
            58	2024-11-14 06:26:11	1	0	1	0
           472	2024-11-14 06:48:03	1	0	1	0
           180	2024-11-14 06:50:48	1	0	1	0
           527	2024-11-14 06:53:43	1	0	1	0
           379	2024-11-14 06:54:07	1	0	1	0
           536	2024-11-14 06:58:06	1	0	1	0
           181	2024-11-14 06:59:00	1	0	1	0
            91	2024-11-14 07:01:09	1	0	1	0
           185	2024-11-14 07:01:17	1	0	1	0
            48	2024-11-14 07:11:24	1	0	1	0
           551	2024-11-14 07:45:44	1	0	1	0
           661	2024-11-14 07:46:21	1	0	1	0
           118	2024-11-14 07:46:27	1	0	1	0
           641	2024-11-14 07:48:28	1	0	1	0
            80	2024-11-14 07:59:25	1	0	1	0
           142	2024-11-14 08:08:02	1	0	1	0
            57	2024-11-14 08:11:06	1	0	1	0
           145	2024-11-14 08:36:54	1	0	1	0
           401	2024-11-14 08:51:40	1	0	1	0
           144	2024-11-14 09:45:29	1	0	1	0
           332	2024-11-14 10:37:41	1	0	1	0
           536	2024-11-14 11:01:03	1	0	1	0
           379	2024-11-14 11:02:07	1	0	1	0
           180	2024-11-14 11:03:10	1	0	1	0
           185	2024-11-14 11:03:29	1	0	1	0
           527	2024-11-14 11:03:34	1	0	1	0
           536	2024-11-14 11:17:58	1	0	1	0
           180	2024-11-14 11:20:46	1	0	1	0
           185	2024-11-14 11:28:38	1	0	1	0
           527	2024-11-14 11:28:43	1	0	1	0
           181	2024-11-14 11:39:22	1	0	1	0
           385	2024-11-14 11:44:05	1	0	1	0
           379	2024-11-14 11:52:54	1	0	1	0
           641	2024-11-14 12:00:11	1	0	1	0
            80	2024-11-14 12:01:03	1	0	1	0
           142	2024-11-14 12:01:19	1	0	1	0
            57	2024-11-14 12:03:49	1	0	1	0
            58	2024-11-14 12:04:24	1	0	1	0
            48	2024-11-14 12:04:46	1	0	1	0
           551	2024-11-14 12:05:26	1	0	1	0
           661	2024-11-14 12:06:06	1	0	1	0
           472	2024-11-14 12:06:09	1	0	1	0
           118	2024-11-14 12:06:16	1	0	1	0
           142	2024-11-14 12:17:38	1	0	1	0
            57	2024-11-14 12:19:07	1	0	1	0
            80	2024-11-14 12:25:25	1	0	1	0
           551	2024-11-14 12:25:29	1	0	1	0
           472	2024-11-14 12:25:37	1	0	1	0
           661	2024-11-14 12:28:03	1	0	1	0
           641	2024-11-14 12:30:15	1	0	1	0
           385	2024-11-14 12:34:04	1	0	1	0
           118	2024-11-14 12:39:51	1	0	1	0
           145	2024-11-14 13:16:02	1	0	1	0
           401	2024-11-14 13:18:08	1	0	1	0
           144	2024-11-14 13:20:58	1	0	1	0
           332	2024-11-14 13:34:10	1	0	1	0
           145	2024-11-14 13:44:14	1	0	1	0
           401	2024-11-14 13:44:26	1	0	1	0
           144	2024-11-14 13:54:54	1	0	1	0
           332	2024-11-14 13:55:02	1	0	1	0
           379	2024-11-14 16:02:52	1	0	1	0
           527	2024-11-14 16:03:18	1	0	1	0
           536	2024-11-14 16:06:29	1	0	1	0
           181	2024-11-14 16:14:15	1	0	1	0
           185	2024-11-14 16:25:22	1	0	1	0
           180	2024-11-14 16:25:30	1	0	1	0
           641	2024-11-14 16:49:03	1	0	1	0
            57	2024-11-14 17:00:06	1	0	1	0
            58	2024-11-14 17:00:14	1	0	1	0
            48	2024-11-14 17:00:21	1	0	1	0
           472	2024-11-14 17:02:25	1	0	1	0
           118	2024-11-14 17:03:50	1	0	1	0
           661	2024-11-14 17:04:32	1	0	1	0
           385	2024-11-14 17:07:15	1	0	1	0
            91	2024-11-14 17:12:31	1	0	1	0
           142	2024-11-14 17:33:23	1	0	1	0
           145	2024-11-14 18:01:07	1	0	1	0
           401	2024-11-14 18:01:18	1	0	1	0
            80	2024-11-14 18:02:47	1	0	1	0
           332	2024-11-14 18:16:30	1	0	1	0
           144	2024-11-14 18:16:55	1	0	1	0
           551	2024-11-14 18:41:29	1	0	1	0
           385	2024-11-15 06:25:45	1	0	1	0
           385	2024-11-15 11:36:56	1	0	1	0
           385	2024-11-15 12:00:39	1	0	1	0
           385	2024-11-15 17:00:37	1	0	1	0
           385	2024-11-16 06:15:25	1	0	1	0
           385	2024-11-16 11:30:51	1	0	1	0
           385	2024-11-16 12:20:31	1	0	1	0
           385	2024-11-16 17:00:06	1	0	1	0
           385	2024-11-18 05:52:36	1	0	1	0
            58	2024-11-18 06:26:18	1	0	1	0
           527	2024-11-18 06:42:32	1	0	1	0
           180	2024-11-18 06:51:18	1	0	1	0
           379	2024-11-18 06:55:22	1	0	1	0
           185	2024-11-18 06:57:49	1	0	1	0
            91	2024-11-18 06:57:59	1	0	1	0
            48	2024-11-18 07:00:27	1	0	1	0
           536	2024-11-18 07:00:55	1	0	1	0
           602	2024-11-18 07:02:16	1	0	1	0
           241	2024-11-18 07:04:33	1	0	1	0
           473	2024-11-18 07:10:52	1	0	1	0
           551	2024-11-18 07:43:03	1	0	1	0
           471	2024-11-18 07:44:45	1	0	1	0
           472	2024-11-18 07:44:51	1	0	1	0
           661	2024-11-18 07:45:40	1	0	1	0
           118	2024-11-18 07:46:52	1	0	1	0
            80	2024-11-18 07:56:00	1	0	1	0
            57	2024-11-18 07:59:24	1	0	1	0
           142	2024-11-18 08:13:39	1	0	1	0
           332	2024-11-18 08:13:49	1	0	1	0
           145	2024-11-18 08:19:13	1	0	1	0
           401	2024-11-18 08:31:11	1	0	1	0
           379	2024-11-18 11:01:35	1	0	1	0
           527	2024-11-18 11:02:11	1	0	1	0
           180	2024-11-18 11:02:32	1	0	1	0
           536	2024-11-18 11:02:40	1	0	1	0
            91	2024-11-18 11:07:19	1	0	1	0
           241	2024-11-18 11:13:09	1	0	1	0
           185	2024-11-18 11:18:01	1	0	1	0
           527	2024-11-18 11:25:36	1	0	1	0
            91	2024-11-18 11:29:11	1	0	1	0
           385	2024-11-18 11:34:36	1	0	1	0
           180	2024-11-18 11:47:25	1	0	1	0
           241	2024-11-18 11:51:41	1	0	1	0
           536	2024-11-18 11:52:34	1	0	1	0
           379	2024-11-18 11:56:29	1	0	1	0
           185	2024-11-18 11:58:06	1	0	1	0
            57	2024-11-18 12:01:46	1	0	1	0
           551	2024-11-18 12:01:52	1	0	1	0
            48	2024-11-18 12:02:05	1	0	1	0
            58	2024-11-18 12:02:12	1	0	1	0
           661	2024-11-18 12:04:20	1	0	1	0
           118	2024-11-18 12:12:45	1	0	1	0
           471	2024-11-18 12:12:49	1	0	1	0
           473	2024-11-18 12:12:55	1	0	1	0
           472	2024-11-18 12:13:22	1	0	1	0
            57	2024-11-18 12:17:14	1	0	1	0
            48	2024-11-18 12:17:23	1	0	1	0
            58	2024-11-18 12:17:40	1	0	1	0
           385	2024-11-18 12:19:09	1	0	1	0
           602	2024-11-18 12:21:08	1	0	1	0
           142	2024-11-18 12:25:56	1	0	1	0
            80	2024-11-18 12:27:35	1	0	1	0
           551	2024-11-18 12:27:40	1	0	1	0
           661	2024-11-18 12:32:15	1	0	1	0
           473	2024-11-18 12:32:17	1	0	1	0
           602	2024-11-18 12:37:46	1	0	1	0
           471	2024-11-18 12:43:32	1	0	1	0
           472	2024-11-18 12:43:34	1	0	1	0
           118	2024-11-18 12:43:46	1	0	1	0
            80	2024-11-18 12:44:24	1	0	1	0
           145	2024-11-18 13:01:45	1	0	1	0
           401	2024-11-18 13:01:50	1	0	1	0
           332	2024-11-18 13:30:51	1	0	1	0
           401	2024-11-18 13:46:14	1	0	1	0
           145	2024-11-18 13:47:57	1	0	1	0
           144	2024-11-18 13:50:21	1	0	1	0
           332	2024-11-18 13:53:11	1	0	1	0
           379	2024-11-18 16:04:30	1	0	1	0
           536	2024-11-18 16:06:00	1	0	1	0
           241	2024-11-18 16:40:51	1	0	1	0
           527	2024-11-18 16:41:22	1	0	1	0
           180	2024-11-18 16:54:34	1	0	1	0
           185	2024-11-18 16:59:36	1	0	1	0
            57	2024-11-18 17:01:24	1	0	1	0
           385	2024-11-18 17:01:28	1	0	1	0
            48	2024-11-18 17:02:05	1	0	1	0
            58	2024-11-18 17:02:24	1	0	1	0
           471	2024-11-18 17:04:56	1	0	1	0
           473	2024-11-18 17:05:19	1	0	1	0
           472	2024-11-18 17:05:27	1	0	1	0
           118	2024-11-18 17:05:51	1	0	1	0
           602	2024-11-18 17:06:17	1	0	1	0
           661	2024-11-18 17:11:27	1	0	1	0
            91	2024-11-18 17:17:04	1	0	1	0
            80	2024-11-18 17:22:32	1	0	1	0
           142	2024-11-18 17:47:20	1	0	1	0
           145	2024-11-18 18:03:23	1	0	1	0
           332	2024-11-18 18:08:14	1	0	1	0
           401	2024-11-18 18:10:01	1	0	1	0
           551	2024-11-18 18:10:11	1	0	1	0
           144	2024-11-18 18:16:43	1	0	1	0
           385	2024-11-19 06:05:43	1	0	1	0
            58	2024-11-19 06:26:31	1	0	1	0
           527	2024-11-19 06:49:03	1	0	1	0
           180	2024-11-19 06:54:08	1	0	1	0
           379	2024-11-19 06:55:17	1	0	1	0
            48	2024-11-19 06:56:03	1	0	1	0
            91	2024-11-19 06:58:06	1	0	1	0
           185	2024-11-19 06:58:25	1	0	1	0
           241	2024-11-19 06:59:07	1	0	1	0
           536	2024-11-19 06:59:44	1	0	1	0
           118	2024-11-19 07:31:20	1	0	1	0
           602	2024-11-19 07:32:21	1	0	1	0
           181	2024-11-19 07:32:42	1	0	1	0
           661	2024-11-19 07:36:43	1	0	1	0
           473	2024-11-19 07:50:03	1	0	1	0
           551	2024-11-19 07:51:13	1	0	1	0
           471	2024-11-19 07:52:36	1	0	1	0
           472	2024-11-19 07:52:38	1	0	1	0
           142	2024-11-19 07:58:39	1	0	1	0
            57	2024-11-19 07:58:48	1	0	1	0
            80	2024-11-19 08:01:10	1	0	1	0
           145	2024-11-19 08:34:30	1	0	1	0
           332	2024-11-19 08:58:39	1	0	1	0
           379	2024-11-19 11:01:07	1	0	1	0
           180	2024-11-19 11:03:29	1	0	1	0
           527	2024-11-19 11:03:33	1	0	1	0
           536	2024-11-19 11:03:49	1	0	1	0
           241	2024-11-19 11:06:58	1	0	1	0
            91	2024-11-19 11:12:06	1	0	1	0
           536	2024-11-19 11:31:54	1	0	1	0
           527	2024-11-19 11:32:00	1	0	1	0
            91	2024-11-19 11:33:13	1	0	1	0
           241	2024-11-19 11:33:18	1	0	1	0
           385	2024-11-19 11:35:24	1	0	1	0
           180	2024-11-19 11:36:24	1	0	1	0
           181	2024-11-19 11:52:53	1	0	1	0
           185	2024-11-19 11:52:59	1	0	1	0
           379	2024-11-19 11:57:26	1	0	1	0
           385	2024-11-19 12:00:11	1	0	1	0
           142	2024-11-19 12:01:03	1	0	1	0
            48	2024-11-19 12:01:11	1	0	1	0
            58	2024-11-19 12:01:18	1	0	1	0
            80	2024-11-19 12:02:39	1	0	1	0
           551	2024-11-19 12:02:43	1	0	1	0
           471	2024-11-19 12:04:00	1	0	1	0
           602	2024-11-19 12:04:16	1	0	1	0
            57	2024-11-19 12:04:26	1	0	1	0
           118	2024-11-19 12:04:29	1	0	1	0
           661	2024-11-19 12:04:41	1	0	1	0
           473	2024-11-19 12:04:57	1	0	1	0
           472	2024-11-19 12:05:49	1	0	1	0
            58	2024-11-19 12:20:35	1	0	1	0
            48	2024-11-19 12:20:41	1	0	1	0
            57	2024-11-19 12:21:18	1	0	1	0
           472	2024-11-19 12:22:26	1	0	1	0
           471	2024-11-19 12:22:31	1	0	1	0
           551	2024-11-19 12:32:26	1	0	1	0
            80	2024-11-19 12:32:30	1	0	1	0
           602	2024-11-19 12:36:24	1	0	1	0
           473	2024-11-19 12:36:28	1	0	1	0
           661	2024-11-19 12:36:34	1	0	1	0
           118	2024-11-19 12:36:41	1	0	1	0
           332	2024-11-19 13:05:53	1	0	1	0
           145	2024-11-19 13:08:05	1	0	1	0
           332	2024-11-19 13:51:58	1	0	1	0
           145	2024-11-19 13:52:07	1	0	1	0
           379	2024-11-19 16:01:17	1	0	1	0
           181	2024-11-19 16:11:56	1	0	1	0
           241	2024-11-19 16:12:01	1	0	1	0
            91	2024-11-19 16:12:53	1	0	1	0
           536	2024-11-19 16:14:03	1	0	1	0
           180	2024-11-19 16:14:41	1	0	1	0
           185	2024-11-19 16:15:20	1	0	1	0
           527	2024-11-19 16:40:55	1	0	1	0
            57	2024-11-19 17:00:44	1	0	1	0
            48	2024-11-19 17:00:53	1	0	1	0
            58	2024-11-19 17:01:02	1	0	1	0
           471	2024-11-19 17:01:18	1	0	1	0
           602	2024-11-19 17:02:03	1	0	1	0
           385	2024-11-19 17:02:39	1	0	1	0
           473	2024-11-19 17:02:45	1	0	1	0
           661	2024-11-19 17:05:44	1	0	1	0
           118	2024-11-19 17:05:47	1	0	1	0
           472	2024-11-19 17:05:55	1	0	1	0
           142	2024-11-19 17:06:40	1	0	1	0
            80	2024-11-19 17:08:15	1	0	1	0
           145	2024-11-19 18:01:15	1	0	1	0
           332	2024-11-19 18:01:21	1	0	1	0
           385	2024-11-20 05:48:05	1	0	1	0
            58	2024-11-20 06:21:16	1	0	1	0
           551	2024-11-20 06:22:53	1	0	1	0
           527	2024-11-20 06:47:17	1	0	1	0
           536	2024-11-20 06:50:08	1	0	1	0
            48	2024-11-20 06:54:30	1	0	1	0
            91	2024-11-20 06:56:11	1	0	1	0
           241	2024-11-20 06:56:26	1	0	1	0
           185	2024-11-20 06:56:33	1	0	1	0
           180	2024-11-20 06:56:41	1	0	1	0
           379	2024-11-20 06:57:21	1	0	1	0
           473	2024-11-20 07:21:01	1	0	1	0
           181	2024-11-20 07:28:55	1	0	1	0
           661	2024-11-20 07:32:43	1	0	1	0
           118	2024-11-20 07:43:02	1	0	1	0
           602	2024-11-20 07:43:13	1	0	1	0
           471	2024-11-20 07:47:59	1	0	1	0
           472	2024-11-20 07:48:04	1	0	1	0
           605	2024-11-20 07:51:42	1	0	1	0
            80	2024-11-20 07:56:05	1	0	1	0
            57	2024-11-20 08:08:42	1	0	1	0
           145	2024-11-20 08:26:26	1	0	1	0
           369	2024-11-20 08:37:46	1	0	1	0
           144	2024-11-20 09:02:32	1	0	1	0
           401	2024-11-20 09:20:01	1	0	1	0
           379	2024-11-20 11:01:39	1	0	1	0
           181	2024-11-20 11:01:45	1	0	1	0
           185	2024-11-20 11:01:50	1	0	1	0
           536	2024-11-20 11:02:16	1	0	1	0
           527	2024-11-20 11:02:23	1	0	1	0
            91	2024-11-20 11:06:19	1	0	1	0
           180	2024-11-20 11:08:20	1	0	1	0
           241	2024-11-20 11:16:23	1	0	1	0
           527	2024-11-20 11:19:24	1	0	1	0
           185	2024-11-20 11:20:11	1	0	1	0
           180	2024-11-20 11:24:29	1	0	1	0
           536	2024-11-20 11:25:38	1	0	1	0
           181	2024-11-20 11:26:22	1	0	1	0
           385	2024-11-20 11:36:34	1	0	1	0
           241	2024-11-20 11:39:52	1	0	1	0
           379	2024-11-20 11:51:03	1	0	1	0
            48	2024-11-20 12:00:57	1	0	1	0
            58	2024-11-20 12:01:15	1	0	1	0
            57	2024-11-20 12:01:29	1	0	1	0
           471	2024-11-20 12:02:40	1	0	1	0
           472	2024-11-20 12:02:46	1	0	1	0
           551	2024-11-20 12:03:31	1	0	1	0
           605	2024-11-20 12:03:58	1	0	1	0
           385	2024-11-20 12:05:09	1	0	1	0
           473	2024-11-20 12:08:53	1	0	1	0
           118	2024-11-20 12:09:08	1	0	1	0
           602	2024-11-20 12:09:14	1	0	1	0
           661	2024-11-20 12:15:20	1	0	1	0
            57	2024-11-20 12:16:29	1	0	1	0
            58	2024-11-20 12:18:19	1	0	1	0
            48	2024-11-20 12:18:32	1	0	1	0
           551	2024-11-20 12:23:43	1	0	1	0
           472	2024-11-20 12:31:48	1	0	1	0
           473	2024-11-20 12:35:37	1	0	1	0
           602	2024-11-20 12:37:44	1	0	1	0
           471	2024-11-20 12:38:23	1	0	1	0
           661	2024-11-20 12:38:41	1	0	1	0
           605	2024-11-20 12:38:44	1	0	1	0
            80	2024-11-20 12:43:29	1	0	1	0
           142	2024-11-20 12:52:58	1	0	1	0
            80	2024-11-20 12:59:20	1	0	1	0
           332	2024-11-20 13:06:47	1	0	1	0
           145	2024-11-20 13:11:16	1	0	1	0
           401	2024-11-20 13:11:21	1	0	1	0
           144	2024-11-20 13:28:10	1	0	1	0
           332	2024-11-20 13:44:55	1	0	1	0
           145	2024-11-20 13:45:16	1	0	1	0
           401	2024-11-20 13:45:22	1	0	1	0
           144	2024-11-20 13:51:52	1	0	1	0
           379	2024-11-20 16:02:03	1	0	1	0
           536	2024-11-20 16:05:31	1	0	1	0
           185	2024-11-20 16:09:57	1	0	1	0
            91	2024-11-20 16:16:06	1	0	1	0
           181	2024-11-20 16:19:45	1	0	1	0
           527	2024-11-20 16:27:25	1	0	1	0
           180	2024-11-20 16:59:37	1	0	1	0
            57	2024-11-20 17:00:04	1	0	1	0
            58	2024-11-20 17:00:29	1	0	1	0
            48	2024-11-20 17:00:41	1	0	1	0
            80	2024-11-20 17:00:47	1	0	1	0
           471	2024-11-20 17:00:52	1	0	1	0
           473	2024-11-20 17:00:56	1	0	1	0
           472	2024-11-20 17:01:28	1	0	1	0
           142	2024-11-20 17:01:40	1	0	1	0
           385	2024-11-20 17:01:44	1	0	1	0
           661	2024-11-20 17:03:26	1	0	1	0
           602	2024-11-20 17:04:16	1	0	1	0
           605	2024-11-20 17:04:18	1	0	1	0
           118	2024-11-20 17:18:50	1	0	1	0
           551	2024-11-20 17:24:09	1	0	1	0
           241	2024-11-20 17:52:50	1	0	1	0
           144	2024-11-20 18:00:54	1	0	1	0
           145	2024-11-20 18:01:45	1	0	1	0
           401	2024-11-20 18:01:49	1	0	1	0
           332	2024-11-20 18:02:00	1	0	1	0
           385	2024-11-21 05:57:28	1	0	1	0
            58	2024-11-21 06:17:37	1	0	1	0
           527	2024-11-21 06:44:52	1	0	1	0
           473	2024-11-21 06:47:55	1	0	1	0
           536	2024-11-21 06:48:05	1	0	1	0
            48	2024-11-21 06:49:29	1	0	1	0
           180	2024-11-21 06:50:50	1	0	1	0
            91	2024-11-21 06:55:34	1	0	1	0
           185	2024-11-21 06:55:52	1	0	1	0
           241	2024-11-21 07:01:27	1	0	1	0
           181	2024-11-21 07:08:52	1	0	1	0
           661	2024-11-21 07:25:17	1	0	1	0
           551	2024-11-21 07:28:20	1	0	1	0
           118	2024-11-21 07:36:15	1	0	1	0
           602	2024-11-21 07:38:57	1	0	1	0
           471	2024-11-21 07:53:56	1	0	1	0
           472	2024-11-21 07:54:23	1	0	1	0
           142	2024-11-21 07:56:55	1	0	1	0
            80	2024-11-21 07:57:28	1	0	1	0
           605	2024-11-21 07:59:32	1	0	1	0
            57	2024-11-21 08:03:12	1	0	1	0
           369	2024-11-21 08:19:23	1	0	1	0
           145	2024-11-21 08:26:32	1	0	1	0
           401	2024-11-21 09:05:35	1	0	1	0
           144	2024-11-21 09:05:59	1	0	1	0
           536	2024-11-21 11:09:38	1	0	1	0
           527	2024-11-21 11:09:44	1	0	1	0
           181	2024-11-21 11:09:55	1	0	1	0
           185	2024-11-21 11:11:21	1	0	1	0
           241	2024-11-21 11:11:25	1	0	1	0
           180	2024-11-21 11:12:35	1	0	1	0
           385	2024-11-21 11:30:33	1	0	1	0
           185	2024-11-21 11:31:36	1	0	1	0
           527	2024-11-21 11:31:40	1	0	1	0
           241	2024-11-21 11:41:17	1	0	1	0
           180	2024-11-21 11:50:02	1	0	1	0
           379	2024-11-21 11:52:55	1	0	1	0
           536	2024-11-21 11:53:13	1	0	1	0
           181	2024-11-21 11:54:32	1	0	1	0
            57	2024-11-21 12:00:12	1	0	1	0
            58	2024-11-21 12:00:31	1	0	1	0
            48	2024-11-21 12:00:39	1	0	1	0
           142	2024-11-21 12:00:56	1	0	1	0
           551	2024-11-21 12:03:12	1	0	1	0
           118	2024-11-21 12:03:49	1	0	1	0
           602	2024-11-21 12:04:05	1	0	1	0
           473	2024-11-21 12:04:08	1	0	1	0
           661	2024-11-21 12:04:22	1	0	1	0
           605	2024-11-21 12:04:25	1	0	1	0
           385	2024-11-21 12:05:05	1	0	1	0
            80	2024-11-21 12:08:35	1	0	1	0
           369	2024-11-21 12:12:00	1	0	1	0
           472	2024-11-21 12:13:12	1	0	1	0
            57	2024-11-21 12:16:05	1	0	1	0
            58	2024-11-21 12:16:14	1	0	1	0
            48	2024-11-21 12:16:20	1	0	1	0
           551	2024-11-21 12:26:47	1	0	1	0
            80	2024-11-21 12:26:56	1	0	1	0
           142	2024-11-21 12:27:32	1	0	1	0
           472	2024-11-21 12:28:21	1	0	1	0
           471	2024-11-21 12:28:42	1	0	1	0
           118	2024-11-21 12:39:33	1	0	1	0
           661	2024-11-21 12:39:42	1	0	1	0
           602	2024-11-21 12:39:44	1	0	1	0
           473	2024-11-21 12:39:51	1	0	1	0
           605	2024-11-21 12:39:54	1	0	1	0
           369	2024-11-21 12:45:57	1	0	1	0
           471	2024-11-21 12:47:03	1	0	1	0
           332	2024-11-21 13:01:03	1	0	1	0
           144	2024-11-21 13:12:17	1	0	1	0
           145	2024-11-21 13:13:40	1	0	1	0
           401	2024-11-21 13:13:44	1	0	1	0
           332	2024-11-21 13:21:32	1	0	1	0
           145	2024-11-21 13:43:32	1	0	1	0
           144	2024-11-21 13:53:54	1	0	1	0
           401	2024-11-21 13:53:59	1	0	1	0
           379	2024-11-21 16:02:11	1	0	1	0
           536	2024-11-21 16:02:49	1	0	1	0
           181	2024-11-21 16:08:02	1	0	1	0
           180	2024-11-21 16:25:07	1	0	1	0
           241	2024-11-21 16:27:10	1	0	1	0
           185	2024-11-21 16:27:42	1	0	1	0
           527	2024-11-21 16:37:50	1	0	1	0
           471	2024-11-21 17:00:08	1	0	1	0
           472	2024-11-21 17:01:04	1	0	1	0
            57	2024-11-21 17:01:28	1	0	1	0
            48	2024-11-21 17:01:56	1	0	1	0
            58	2024-11-21 17:02:07	1	0	1	0
           369	2024-11-21 17:02:12	1	0	1	0
           551	2024-11-21 17:02:28	1	0	1	0
            80	2024-11-21 17:03:13	1	0	1	0
           473	2024-11-21 17:04:24	1	0	1	0
           118	2024-11-21 17:04:42	1	0	1	0
           602	2024-11-21 17:05:30	1	0	1	0
           605	2024-11-21 17:05:37	1	0	1	0
           661	2024-11-21 17:05:54	1	0	1	0
           142	2024-11-21 17:14:26	1	0	1	0
           385	2024-11-21 17:18:31	1	0	1	0
           332	2024-11-21 18:01:04	1	0	1	0
           145	2024-11-21 18:06:43	1	0	1	0
           144	2024-11-21 18:07:05	1	0	1	0
            91	2024-11-21 18:11:26	1	0	1	0
           401	2024-11-21 18:13:10	1	0	1	0
           385	2024-11-22 05:56:35	1	0	1	0
           180	2024-11-22 06:25:00	1	0	1	0
           527	2024-11-22 06:53:19	1	0	1	0
           241	2024-11-22 06:54:56	1	0	1	0
           379	2024-11-22 06:56:22	1	0	1	0
            48	2024-11-22 06:59:37	1	0	1	0
            58	2024-11-22 07:00:56	1	0	1	0
           185	2024-11-22 07:03:43	1	0	1	0
           118	2024-11-22 07:06:35	1	0	1	0
           536	2024-11-22 07:13:14	1	0	1	0
           181	2024-11-22 07:26:34	1	0	1	0
           473	2024-11-22 07:33:20	1	0	1	0
           602	2024-11-22 07:36:12	1	0	1	0
           605	2024-11-22 07:44:44	1	0	1	0
           551	2024-11-22 07:44:52	1	0	1	0
           661	2024-11-22 07:46:08	1	0	1	0
           471	2024-11-22 07:51:56	1	0	1	0
           472	2024-11-22 07:51:58	1	0	1	0
           332	2024-11-22 07:54:38	1	0	1	0
            80	2024-11-22 07:58:38	1	0	1	0
            57	2024-11-22 08:05:35	1	0	1	0
           142	2024-11-22 08:10:44	1	0	1	0
           369	2024-11-22 08:15:16	1	0	1	0
           145	2024-11-22 08:26:05	1	0	1	0
           401	2024-11-22 09:19:11	1	0	1	0
           144	2024-11-22 10:27:31	1	0	1	0
           536	2024-11-22 11:01:17	1	0	1	0
           181	2024-11-22 11:01:24	1	0	1	0
           185	2024-11-22 11:01:29	1	0	1	0
           180	2024-11-22 11:01:35	1	0	1	0
           527	2024-11-22 11:01:41	1	0	1	0
           379	2024-11-22 11:01:48	1	0	1	0
           241	2024-11-22 11:04:22	1	0	1	0
           181	2024-11-22 11:17:04	1	0	1	0
           527	2024-11-22 11:17:12	1	0	1	0
           379	2024-11-22 11:17:55	1	0	1	0
           185	2024-11-22 11:24:37	1	0	1	0
           385	2024-11-22 11:31:28	1	0	1	0
           180	2024-11-22 11:41:39	1	0	1	0
           536	2024-11-22 11:41:49	1	0	1	0
           241	2024-11-22 11:44:03	1	0	1	0
            48	2024-11-22 12:00:57	1	0	1	0
            58	2024-11-22 12:01:13	1	0	1	0
           551	2024-11-22 12:01:25	1	0	1	0
           661	2024-11-22 12:02:25	1	0	1	0
           605	2024-11-22 12:02:41	1	0	1	0
           471	2024-11-22 12:03:17	1	0	1	0
           142	2024-11-22 12:03:46	1	0	1	0
           385	2024-11-22 12:05:16	1	0	1	0
           472	2024-11-22 12:06:34	1	0	1	0
            57	2024-11-22 12:06:50	1	0	1	0
           369	2024-11-22 12:10:05	1	0	1	0
           602	2024-11-22 12:12:43	1	0	1	0
            48	2024-11-22 12:17:49	1	0	1	0
            58	2024-11-22 12:18:01	1	0	1	0
            57	2024-11-22 12:22:48	1	0	1	0
           142	2024-11-22 12:25:02	1	0	1	0
           661	2024-11-22 12:27:06	1	0	1	0
           605	2024-11-22 12:27:13	1	0	1	0
           472	2024-11-22 12:27:38	1	0	1	0
           471	2024-11-22 12:27:43	1	0	1	0
           602	2024-11-22 12:34:30	1	0	1	0
           369	2024-11-22 12:44:25	1	0	1	0
           551	2024-11-22 12:48:37	1	0	1	0
           145	2024-11-22 13:11:32	1	0	1	0
           401	2024-11-22 13:11:39	1	0	1	0
           332	2024-11-22 13:19:24	1	0	1	0
           144	2024-11-22 13:19:40	1	0	1	0
           144	2024-11-22 13:50:36	1	0	1	0
           401	2024-11-22 13:52:17	1	0	1	0
           145	2024-11-22 13:52:21	1	0	1	0
           379	2024-11-22 16:04:13	1	0	1	0
           181	2024-11-22 16:05:57	1	0	1	0
           241	2024-11-22 16:08:20	1	0	1	0
           536	2024-11-22 16:15:09	1	0	1	0
           527	2024-11-22 16:18:11	1	0	1	0
           185	2024-11-22 16:27:37	1	0	1	0
           369	2024-11-22 17:00:06	1	0	1	0
            58	2024-11-22 17:00:12	1	0	1	0
            48	2024-11-22 17:00:26	1	0	1	0
            57	2024-11-22 17:00:40	1	0	1	0
           471	2024-11-22 17:00:50	1	0	1	0
           385	2024-11-22 17:02:11	1	0	1	0
           118	2024-11-22 17:04:09	1	0	1	0
           661	2024-11-22 17:04:35	1	0	1	0
           605	2024-11-22 17:04:39	1	0	1	0
           602	2024-11-22 17:04:51	1	0	1	0
           142	2024-11-22 17:04:57	1	0	1	0
           473	2024-11-22 17:07:53	1	0	1	0
           180	2024-11-22 17:19:01	1	0	1	0
            80	2024-11-22 17:28:38	1	0	1	0
           401	2024-11-22 17:59:09	1	0	1	0
           145	2024-11-22 18:01:05	1	0	1	0
           332	2024-11-22 18:01:11	1	0	1	0
           144	2024-11-22 18:18:25	1	0	1	0
           551	2024-11-22 20:00:06	1	0	1	0
           385	2024-11-23 06:58:51	1	0	1	0
           385	2024-11-23 20:03:46	1	0	1	0
           385	2024-11-25 06:02:18	1	0	1	0
           181	2024-11-25 06:04:48	1	0	1	0
            58	2024-11-25 06:28:49	1	0	1	0
           536	2024-11-25 06:52:12	1	0	1	0
           527	2024-11-25 06:53:34	1	0	1	0
           180	2024-11-25 06:55:38	1	0	1	0
           185	2024-11-25 06:57:02	1	0	1	0
            91	2024-11-25 06:57:05	1	0	1	0
           602	2024-11-25 06:58:02	1	0	1	0
           379	2024-11-25 06:58:37	1	0	1	0
           241	2024-11-25 07:01:59	1	0	1	0
            48	2024-11-25 07:27:29	1	0	1	0
           661	2024-11-25 07:36:25	1	0	1	0
           605	2024-11-25 07:36:32	1	0	1	0
           118	2024-11-25 07:36:41	1	0	1	0
           471	2024-11-25 07:45:27	1	0	1	0
           551	2024-11-25 07:45:34	1	0	1	0
           472	2024-11-25 07:45:54	1	0	1	0
            57	2024-11-25 07:58:55	1	0	1	0
           142	2024-11-25 08:01:22	1	0	1	0
           369	2024-11-25 08:02:33	1	0	1	0
           332	2024-11-25 08:05:43	1	0	1	0
           145	2024-11-25 08:26:35	1	0	1	0
           144	2024-11-25 09:31:21	1	0	1	0
           379	2024-11-25 11:01:29	1	0	1	0
           536	2024-11-25 11:02:14	1	0	1	0
           527	2024-11-25 11:02:20	1	0	1	0
            91	2024-11-25 11:02:28	1	0	1	0
           241	2024-11-25 11:02:31	1	0	1	0
           185	2024-11-25 11:02:37	1	0	1	0
           181	2024-11-25 11:02:42	1	0	1	0
           180	2024-11-25 11:13:57	1	0	1	0
            91	2024-11-25 11:24:02	1	0	1	0
           241	2024-11-25 11:24:07	1	0	1	0
           385	2024-11-25 11:34:09	1	0	1	0
           527	2024-11-25 11:35:13	1	0	1	0
           536	2024-11-25 11:36:34	1	0	1	0
           180	2024-11-25 11:40:04	1	0	1	0
           181	2024-11-25 11:54:05	1	0	1	0
           185	2024-11-25 11:54:23	1	0	1	0
           379	2024-11-25 11:56:55	1	0	1	0
           385	2024-11-25 12:00:22	1	0	1	0
           369	2024-11-25 12:00:56	1	0	1	0
           551	2024-11-25 12:01:13	1	0	1	0
           661	2024-11-25 12:01:28	1	0	1	0
           118	2024-11-25 12:02:33	1	0	1	0
           473	2024-11-25 12:02:47	1	0	1	0
           605	2024-11-25 12:02:53	1	0	1	0
           471	2024-11-25 12:03:07	1	0	1	0
           142	2024-11-25 12:04:09	1	0	1	0
            48	2024-11-25 12:04:20	1	0	1	0
            57	2024-11-25 12:04:45	1	0	1	0
            58	2024-11-25 12:05:16	1	0	1	0
           472	2024-11-25 12:11:19	1	0	1	0
           602	2024-11-25 12:15:48	1	0	1	0
           661	2024-11-25 12:17:05	1	0	1	0
           551	2024-11-25 12:21:12	1	0	1	0
           142	2024-11-25 12:23:42	1	0	1	0
            57	2024-11-25 12:24:32	1	0	1	0
            48	2024-11-25 12:24:42	1	0	1	0
            58	2024-11-25 12:24:57	1	0	1	0
           472	2024-11-25 12:26:32	1	0	1	0
           369	2024-11-25 12:28:36	1	0	1	0
           471	2024-11-25 12:29:21	1	0	1	0
           118	2024-11-25 12:31:43	1	0	1	0
           605	2024-11-25 12:46:54	1	0	1	0
           473	2024-11-25 12:48:45	1	0	1	0
           602	2024-11-25 12:49:10	1	0	1	0
           332	2024-11-25 13:04:44	1	0	1	0
           145	2024-11-25 13:06:33	1	0	1	0
           332	2024-11-25 13:20:40	1	0	1	0
           145	2024-11-25 13:51:11	1	0	1	0
           144	2024-11-25 13:51:52	1	0	1	0
           379	2024-11-25 16:03:14	1	0	1	0
            91	2024-11-25 16:07:50	1	0	1	0
           536	2024-11-25 16:08:03	1	0	1	0
           185	2024-11-25 16:08:30	1	0	1	0
           181	2024-11-25 16:09:13	1	0	1	0
           527	2024-11-25 16:30:15	1	0	1	0
           241	2024-11-25 16:47:20	1	0	1	0
           180	2024-11-25 16:51:11	1	0	1	0
           369	2024-11-25 17:00:07	1	0	1	0
            58	2024-11-25 17:00:53	1	0	1	0
           385	2024-11-25 17:01:50	1	0	1	0
            48	2024-11-25 17:02:26	1	0	1	0
            57	2024-11-25 17:02:35	1	0	1	0
           472	2024-11-25 17:06:32	1	0	1	0
           471	2024-11-25 17:07:40	1	0	1	0
           661	2024-11-25 17:09:07	1	0	1	0
           605	2024-11-25 17:09:23	1	0	1	0
           602	2024-11-25 17:09:25	1	0	1	0
           142	2024-11-25 17:11:34	1	0	1	0
           473	2024-11-25 17:17:55	1	0	1	0
           118	2024-11-25 17:37:28	1	0	1	0
           145	2024-11-25 18:01:04	1	0	1	0
           332	2024-11-25 18:01:45	1	0	1	0
           144	2024-11-25 18:13:42	1	0	1	0
           551	2024-11-25 20:20:40	1	0	1	0
           385	2024-11-26 06:05:44	1	0	1	0
            58	2024-11-26 06:28:28	1	0	1	0
           527	2024-11-26 06:48:35	1	0	1	0
           185	2024-11-26 06:50:51	1	0	1	0
            48	2024-11-26 06:51:02	1	0	1	0
            91	2024-11-26 06:51:08	1	0	1	0
           379	2024-11-26 06:51:37	1	0	1	0
           181	2024-11-26 06:51:40	1	0	1	0
           241	2024-11-26 06:56:10	1	0	1	0
           536	2024-11-26 06:56:43	1	0	1	0
           180	2024-11-26 07:01:48	1	0	1	0
           473	2024-11-26 07:16:16	1	0	1	0
           551	2024-11-26 07:37:30	1	0	1	0
           602	2024-11-26 07:37:51	1	0	1	0
           118	2024-11-26 07:44:06	1	0	1	0
           661	2024-11-26 07:47:40	1	0	1	0
           605	2024-11-26 07:48:15	1	0	1	0
           471	2024-11-26 07:49:23	1	0	1	0
           472	2024-11-26 07:49:28	1	0	1	0
           142	2024-11-26 08:00:29	1	0	1	0
            57	2024-11-26 08:05:50	1	0	1	0
           145	2024-11-26 08:21:55	1	0	1	0
           401	2024-11-26 09:01:11	1	0	1	0
           144	2024-11-26 09:01:22	1	0	1	0
           369	2024-11-26 09:03:30	1	0	1	0
           332	2024-11-26 09:15:31	1	0	1	0
           379	2024-11-26 11:01:56	1	0	1	0
           536	2024-11-26 11:03:48	1	0	1	0
           181	2024-11-26 11:09:20	1	0	1	0
           527	2024-11-26 11:09:28	1	0	1	0
           185	2024-11-26 11:09:32	1	0	1	0
           241	2024-11-26 11:19:07	1	0	1	0
           185	2024-11-26 11:26:54	1	0	1	0
           527	2024-11-26 11:26:59	1	0	1	0
           536	2024-11-26 11:38:20	1	0	1	0
           181	2024-11-26 11:42:27	1	0	1	0
           385	2024-11-26 11:51:40	1	0	1	0
           241	2024-11-26 11:52:23	1	0	1	0
           379	2024-11-26 11:54:05	1	0	1	0
           473	2024-11-26 12:00:03	1	0	1	0
           605	2024-11-26 12:00:18	1	0	1	0
            48	2024-11-26 12:00:24	1	0	1	0
            58	2024-11-26 12:00:31	1	0	1	0
           142	2024-11-26 12:00:47	1	0	1	0
           602	2024-11-26 12:01:58	1	0	1	0
           661	2024-11-26 12:02:05	1	0	1	0
           118	2024-11-26 12:02:17	1	0	1	0
           472	2024-11-26 12:02:36	1	0	1	0
           471	2024-11-26 12:03:04	1	0	1	0
           369	2024-11-26 12:03:43	1	0	1	0
            57	2024-11-26 12:04:11	1	0	1	0
           551	2024-11-26 12:06:04	1	0	1	0
            48	2024-11-26 12:17:50	1	0	1	0
            58	2024-11-26 12:18:09	1	0	1	0
           142	2024-11-26 12:18:44	1	0	1	0
           369	2024-11-26 12:19:47	1	0	1	0
           118	2024-11-26 12:20:04	1	0	1	0
           472	2024-11-26 12:20:10	1	0	1	0
           385	2024-11-26 12:20:55	1	0	1	0
            57	2024-11-26 12:22:35	1	0	1	0
           473	2024-11-26 12:25:19	1	0	1	0
           661	2024-11-26 12:34:07	1	0	1	0
           605	2024-11-26 12:34:16	1	0	1	0
           602	2024-11-26 12:34:26	1	0	1	0
           471	2024-11-26 12:34:37	1	0	1	0
           551	2024-11-26 12:46:06	1	0	1	0
           401	2024-11-26 13:08:16	1	0	1	0
           332	2024-11-26 13:08:29	1	0	1	0
           144	2024-11-26 13:33:23	1	0	1	0
           332	2024-11-26 13:58:57	1	0	1	0
           379	2024-11-26 16:03:28	1	0	1	0
           536	2024-11-26 16:04:25	1	0	1	0
           527	2024-11-26 16:04:54	1	0	1	0
           185	2024-11-26 16:33:48	1	0	1	0
           180	2024-11-26 16:34:31	1	0	1	0
           181	2024-11-26 16:34:40	1	0	1	0
            48	2024-11-26 17:00:07	1	0	1	0
            57	2024-11-26 17:00:14	1	0	1	0
            58	2024-11-26 17:00:26	1	0	1	0
           369	2024-11-26 17:00:46	1	0	1	0
           118	2024-11-26 17:01:10	1	0	1	0
           602	2024-11-26 17:01:20	1	0	1	0
           605	2024-11-26 17:01:31	1	0	1	0
           473	2024-11-26 17:01:41	1	0	1	0
           661	2024-11-26 17:01:51	1	0	1	0
           472	2024-11-26 17:02:05	1	0	1	0
           385	2024-11-26 17:02:14	1	0	1	0
           471	2024-11-26 17:04:04	1	0	1	0
           142	2024-11-26 17:22:19	1	0	1	0
           241	2024-11-26 17:30:41	1	0	1	0
            91	2024-11-26 17:37:00	1	0	1	0
           332	2024-11-26 18:01:06	1	0	1	0
           145	2024-11-26 18:01:13	1	0	1	0
           401	2024-11-26 18:01:23	1	0	1	0
           144	2024-11-26 18:20:12	1	0	1	0
           551	2024-11-26 18:35:42	1	0	1	0
           385	2024-11-27 05:59:09	1	0	1	0
           527	2024-11-27 06:11:45	1	0	1	0
            58	2024-11-27 06:27:21	1	0	1	0
           536	2024-11-27 06:51:00	1	0	1	0
           180	2024-11-27 06:53:56	1	0	1	0
           379	2024-11-27 06:55:52	1	0	1	0
           185	2024-11-27 06:57:59	1	0	1	0
            48	2024-11-27 06:58:09	1	0	1	0
            91	2024-11-27 06:58:17	1	0	1	0
           241	2024-11-27 07:02:18	1	0	1	0
           181	2024-11-27 07:07:59	1	0	1	0
           473	2024-11-27 07:27:04	1	0	1	0
           118	2024-11-27 07:36:35	1	0	1	0
           602	2024-11-27 07:36:54	1	0	1	0
           605	2024-11-27 07:43:32	1	0	1	0
           661	2024-11-27 07:49:32	1	0	1	0
           471	2024-11-27 07:50:32	1	0	1	0
           472	2024-11-27 07:50:40	1	0	1	0
           551	2024-11-27 07:57:22	1	0	1	0
           145	2024-11-27 08:26:46	1	0	1	0
           401	2024-11-27 08:59:48	1	0	1	0
           144	2024-11-27 09:02:33	1	0	1	0
           332	2024-11-27 09:05:46	1	0	1	0
           379	2024-11-27 11:02:14	1	0	1	0
           536	2024-11-27 11:03:45	1	0	1	0
           527	2024-11-27 11:07:15	1	0	1	0
           185	2024-11-27 11:07:20	1	0	1	0
           180	2024-11-27 11:11:48	1	0	1	0
           241	2024-11-27 11:12:19	1	0	1	0
           185	2024-11-27 11:42:19	1	0	1	0
           527	2024-11-27 11:42:23	1	0	1	0
           536	2024-11-27 11:42:32	1	0	1	0
           241	2024-11-27 11:45:32	1	0	1	0
           385	2024-11-27 11:46:06	1	0	1	0
           180	2024-11-27 11:48:57	1	0	1	0
           379	2024-11-27 11:58:10	1	0	1	0
            48	2024-11-27 12:00:55	1	0	1	0
            58	2024-11-27 12:00:59	1	0	1	0
           142	2024-11-27 12:03:29	1	0	1	0
           661	2024-11-27 12:04:09	1	0	1	0
           471	2024-11-27 12:04:27	1	0	1	0
           472	2024-11-27 12:04:29	1	0	1	0
           118	2024-11-27 12:05:41	1	0	1	0
            48	2024-11-27 12:16:20	1	0	1	0
            58	2024-11-27 12:16:30	1	0	1	0
           142	2024-11-27 12:20:53	1	0	1	0
           661	2024-11-27 12:25:16	1	0	1	0
           118	2024-11-27 12:25:42	1	0	1	0
           472	2024-11-27 12:25:45	1	0	1	0
           471	2024-11-27 12:26:14	1	0	1	0
           473	2024-11-27 12:28:37	1	0	1	0
           551	2024-11-27 12:28:47	1	0	1	0
           605	2024-11-27 12:28:54	1	0	1	0
           602	2024-11-27 12:29:09	1	0	1	0
           605	2024-11-27 12:45:05	1	0	1	0
           551	2024-11-27 12:45:27	1	0	1	0
           473	2024-11-27 12:46:16	1	0	1	0
           602	2024-11-27 12:47:53	1	0	1	0
           145	2024-11-27 13:31:32	1	0	1	0
           144	2024-11-27 13:31:36	1	0	1	0
           401	2024-11-27 13:31:42	1	0	1	0
           332	2024-11-27 13:31:59	1	0	1	0
           145	2024-11-27 13:49:59	1	0	1	0
           144	2024-11-27 13:50:07	1	0	1	0
           401	2024-11-27 13:50:15	1	0	1	0
           332	2024-11-27 13:50:51	1	0	1	0
           181	2024-11-27 16:08:31	1	0	1	0
            91	2024-11-27 16:11:42	1	0	1	0
           185	2024-11-27 16:12:08	1	0	1	0
           536	2024-11-27 16:12:34	1	0	1	0
           379	2024-11-27 16:17:43	1	0	1	0
           180	2024-11-27 16:23:27	1	0	1	0
           527	2024-11-27 16:28:35	1	0	1	0
           241	2024-11-27 16:57:19	1	0	1	0
            48	2024-11-27 17:00:35	1	0	1	0
            58	2024-11-27 17:00:51	1	0	1	0
           472	2024-11-27 17:01:47	1	0	1	0
           471	2024-11-27 17:02:03	1	0	1	0
           118	2024-11-27 17:03:45	1	0	1	0
           385	2024-11-27 17:04:20	1	0	1	0
           661	2024-11-27 17:07:25	1	0	1	0
           142	2024-11-27 17:13:18	1	0	1	0
           605	2024-11-27 17:13:25	1	0	1	0
           473	2024-11-27 17:21:20	1	0	1	0
           602	2024-11-27 17:21:32	1	0	1	0
           145	2024-11-27 18:01:03	1	0	1	0
           332	2024-11-27 18:01:08	1	0	1	0
           401	2024-11-27 18:01:22	1	0	1	0
           144	2024-11-27 18:11:59	1	0	1	0
           551	2024-11-27 20:06:07	1	0	1	0
           385	2024-11-28 05:58:22	1	0	1	0
           527	2024-11-28 06:21:41	1	0	1	0
            58	2024-11-28 06:28:47	1	0	1	0
           180	2024-11-28 06:50:28	1	0	1	0
           185	2024-11-28 06:56:53	1	0	1	0
            91	2024-11-28 06:57:10	1	0	1	0
           379	2024-11-28 06:57:16	1	0	1	0
           536	2024-11-28 06:57:26	1	0	1	0
           241	2024-11-28 06:58:48	1	0	1	0
           181	2024-11-28 07:05:03	1	0	1	0
            48	2024-11-28 07:11:45	1	0	1	0
           602	2024-11-28 07:14:15	1	0	1	0
           473	2024-11-28 07:33:41	1	0	1	0
           551	2024-11-28 07:37:09	1	0	1	0
           118	2024-11-28 07:41:48	1	0	1	0
           471	2024-11-28 07:51:39	1	0	1	0
           472	2024-11-28 07:51:48	1	0	1	0
           605	2024-11-28 07:51:54	1	0	1	0
            57	2024-11-28 08:00:48	1	0	1	0
           145	2024-11-28 08:28:17	1	0	1	0
           144	2024-11-28 09:01:45	1	0	1	0
           332	2024-11-28 09:38:52	1	0	1	0
           379	2024-11-28 11:07:18	1	0	1	0
           180	2024-11-28 11:08:10	1	0	1	0
           536	2024-11-28 11:08:14	1	0	1	0
           185	2024-11-28 11:08:27	1	0	1	0
           527	2024-11-28 11:08:31	1	0	1	0
            91	2024-11-28 11:09:20	1	0	1	0
           181	2024-11-28 11:11:53	1	0	1	0
           185	2024-11-28 11:32:45	1	0	1	0
           527	2024-11-28 11:32:50	1	0	1	0
           385	2024-11-28 11:35:00	1	0	1	0
           536	2024-11-28 11:36:34	1	0	1	0
           180	2024-11-28 11:39:46	1	0	1	0
            91	2024-11-28 11:44:30	1	0	1	0
           241	2024-11-28 11:49:57	1	0	1	0
           379	2024-11-28 11:54:07	1	0	1	0
           181	2024-11-28 11:55:38	1	0	1	0
            48	2024-11-28 12:00:05	1	0	1	0
            58	2024-11-28 12:00:19	1	0	1	0
           551	2024-11-28 12:00:48	1	0	1	0
           385	2024-11-28 12:02:07	1	0	1	0
           142	2024-11-28 12:02:38	1	0	1	0
           471	2024-11-28 12:03:13	1	0	1	0
           472	2024-11-28 12:03:16	1	0	1	0
           602	2024-11-28 12:04:06	1	0	1	0
           118	2024-11-28 12:04:15	1	0	1	0
           605	2024-11-28 12:04:20	1	0	1	0
           473	2024-11-28 12:08:31	1	0	1	0
            48	2024-11-28 12:17:56	1	0	1	0
            58	2024-11-28 12:18:04	1	0	1	0
            57	2024-11-28 12:18:18	1	0	1	0
           551	2024-11-28 12:18:25	1	0	1	0
           142	2024-11-28 12:24:39	1	0	1	0
           472	2024-11-28 12:25:26	1	0	1	0
           118	2024-11-28 12:25:30	1	0	1	0
           471	2024-11-28 12:25:57	1	0	1	0
           473	2024-11-28 12:31:00	1	0	1	0
           602	2024-11-28 12:44:52	1	0	1	0
           605	2024-11-28 12:45:51	1	0	1	0
           332	2024-11-28 13:01:12	1	0	1	0
           144	2024-11-28 13:18:18	1	0	1	0
           332	2024-11-28 13:34:15	1	0	1	0
           144	2024-11-28 13:43:38	1	0	1	0
           379	2024-11-28 16:03:49	1	0	1	0
           181	2024-11-28 16:10:37	1	0	1	0
           536	2024-11-28 16:10:51	1	0	1	0
           241	2024-11-28 16:16:37	1	0	1	0
           185	2024-11-28 16:35:23	1	0	1	0
           180	2024-11-28 16:35:30	1	0	1	0
           527	2024-11-28 16:46:56	1	0	1	0
            57	2024-11-28 17:00:10	1	0	1	0
            58	2024-11-28 17:00:57	1	0	1	0
           385	2024-11-28 17:01:02	1	0	1	0
           471	2024-11-28 17:01:55	1	0	1	0
           472	2024-11-28 17:02:03	1	0	1	0
           142	2024-11-28 17:02:14	1	0	1	0
            48	2024-11-28 17:04:46	1	0	1	0
           551	2024-11-28 17:08:01	1	0	1	0
            91	2024-11-28 17:48:49	1	0	1	0
           145	2024-11-28 18:01:08	1	0	1	0
           144	2024-11-28 18:18:33	1	0	1	0
           118	2024-11-28 18:18:52	1	0	1	0
           332	2024-11-28 18:25:34	1	0	1	0
           473	2024-11-29 06:46:09	1	0	1	0
           385	2024-11-29 06:46:15	1	0	1	0
            58	2024-11-29 06:46:27	1	0	1	0
           527	2024-11-29 06:50:27	1	0	1	0
           379	2024-11-29 06:56:15	1	0	1	0
           241	2024-11-29 06:56:19	1	0	1	0
            91	2024-11-29 06:57:24	1	0	1	0
           180	2024-11-29 06:57:31	1	0	1	0
           185	2024-11-29 06:57:43	1	0	1	0
           536	2024-11-29 06:58:00	1	0	1	0
           181	2024-11-29 07:10:25	1	0	1	0
           118	2024-11-29 07:41:09	1	0	1	0
           472	2024-11-29 07:44:03	1	0	1	0
           471	2024-11-29 07:44:10	1	0	1	0
           605	2024-11-29 07:44:43	1	0	1	0
           551	2024-11-29 07:50:02	1	0	1	0
           661	2024-11-29 07:54:02	1	0	1	0
            57	2024-11-29 08:02:13	1	0	1	0
           142	2024-11-29 08:15:26	1	0	1	0
           145	2024-11-29 08:35:30	1	0	1	0
           144	2024-11-29 09:07:53	1	0	1	0
           379	2024-11-29 11:01:04	1	0	1	0
           185	2024-11-29 11:05:27	1	0	1	0
           181	2024-11-29 11:05:40	1	0	1	0
           180	2024-11-29 11:05:50	1	0	1	0
           536	2024-11-29 11:05:57	1	0	1	0
           527	2024-11-29 11:06:04	1	0	1	0
            91	2024-11-29 11:06:12	1	0	1	0
           241	2024-11-29 11:13:36	1	0	1	0
           379	2024-11-29 11:19:15	1	0	1	0
           385	2024-11-29 11:33:52	1	0	1	0
           181	2024-11-29 11:34:30	1	0	1	0
           180	2024-11-29 11:34:34	1	0	1	0
           527	2024-11-29 11:34:47	1	0	1	0
           185	2024-11-29 11:36:49	1	0	1	0
           536	2024-11-29 11:38:36	1	0	1	0
           332	2024-11-29 11:41:54	1	0	1	0
           241	2024-11-29 11:45:14	1	0	1	0
            91	2024-11-29 11:46:18	1	0	1	0
            48	2024-11-29 12:00:14	1	0	1	0
            58	2024-11-29 12:00:35	1	0	1	0
           605	2024-11-29 12:01:43	1	0	1	0
           473	2024-11-29 12:01:52	1	0	1	0
           471	2024-11-29 12:02:07	1	0	1	0
           472	2024-11-29 12:02:23	1	0	1	0
           385	2024-11-29 12:08:05	1	0	1	0
           661	2024-11-29 12:09:33	1	0	1	0
           142	2024-11-29 12:14:16	1	0	1	0
            57	2024-11-29 12:16:23	1	0	1	0
            48	2024-11-29 12:17:03	1	0	1	0
            58	2024-11-29 12:17:19	1	0	1	0
           551	2024-11-29 12:17:34	1	0	1	0
           472	2024-11-29 12:27:06	1	0	1	0
           142	2024-11-29 12:29:55	1	0	1	0
           471	2024-11-29 12:30:06	1	0	1	0
           661	2024-11-29 12:48:30	1	0	1	0
           605	2024-11-29 12:48:32	1	0	1	0
           473	2024-11-29 12:49:53	1	0	1	0
           551	2024-11-29 12:51:50	1	0	1	0
           145	2024-11-29 13:12:33	1	0	1	0
           332	2024-11-29 13:13:02	1	0	1	0
           144	2024-11-29 13:13:05	1	0	1	0
           144	2024-11-29 13:48:17	1	0	1	0
           145	2024-11-29 13:48:25	1	0	1	0
           332	2024-11-29 13:48:37	1	0	1	0
           379	2024-11-29 16:02:35	1	0	1	0
           241	2024-11-29 16:02:48	1	0	1	0
           536	2024-11-29 16:04:08	1	0	1	0
           185	2024-11-29 16:13:52	1	0	1	0
           180	2024-11-29 16:40:39	1	0	1	0
           181	2024-11-29 16:41:09	1	0	1	0
            91	2024-11-29 16:54:21	1	0	1	0
            57	2024-11-29 17:01:01	1	0	1	0
            58	2024-11-29 17:01:30	1	0	1	0
           661	2024-11-29 17:02:18	1	0	15	0
           472	2024-11-29 17:04:15	1	0	1	0
           118	2024-11-29 17:06:04	1	0	1	0
           473	2024-11-29 17:07:07	1	0	1	0
            48	2024-11-29 17:10:00	1	0	1	0
           385	2024-11-29 17:10:18	1	0	1	0
           142	2024-11-29 17:24:12	1	0	1	0
           145	2024-11-29 18:01:09	1	0	1	0
           332	2024-11-29 18:01:15	1	0	1	0
           144	2024-11-29 18:48:01	1	0	1	0
           551	2024-11-29 20:02:26	1	0	1	0
           471	2024-11-29 22:15:15	1	0	1	0
           605	2024-11-29 22:15:19	1	0	1	0
